cfamo/data/2006/output_2006_000000016000_Morphology.asc
ncols		517
nrows		378
xllcorner	499547.500000
yllcorner	4174982.500000
cellsize	10.000000
NODATA_value	0.000000
[rows 240 to 263 of 378, columns 378 to 431 of 517]
1803.527686 1802.179816 1805.473227 1801.903579 1805.567091 1800.267575 1800.269602 1799.971258 1800.054414 1798.965122 1798.137058 1796.649617 1795.031880 1795.512330 1798.770806 1798.566397 1793.785784 1794.129865 1792.686378 1791.310667 1791.404730 1789.750927 1789.340563 1787.806540 1786.756001 1784.691907 1784.066896 1786.230604 1785.724723 1782.917602 1774.900000 1774.300000 1770.800000 1767.500000 1766.200000 1763.900000 1763.900000 1763.600000 1760.800000 1759.200000 1759.600000 1759.400000 1758.700000 1757.300000 1755.200000 1755.300000 1755.700000 1753.900000 1752.800000 1750.500000 1748.600000 1747.000000 1745.800000 1745.400000
1807.269472 1806.494285 1800.305148 1800.231748 1804.222762 1799.263094 1799.206707 1798.990007 1799.017112 1798.878413 1798.068233 1796.363238 1794.634448 1793.372505 1793.292605 1796.110588 1791.932731 1791.215465 1790.141452 1789.183425 1789.467896 1789.277975 1788.380396 1789.483354 1786.151707 1784.022888 1785.650604 1782.863169 1783.927765 1783.106817 1775.196504 1771.600000 1770.400000 1767.100000 1764.500000 1763.600000 1760.500000 1761.900000 1760.900000 1758.700000 1757.600000 1757.400000 1756.100000 1755.200000 1752.900000 1751.700000 1751.300000 1752.700000 1751.600000 1750.400000 1748.800000 1746.400000 1743.200000 1742.600000
1803.974185 1804.586718 1803.591159 1798.992406 1798.799715 1798.203918 1798.361123 1798.201121 1798.460027 1801.959121 1797.086116 1794.088844 1792.784729 1792.059967 1791.281343 1790.547093 1790.593810 1794.119549 1788.941902 1787.966122 1787.631757 1787.990990 1787.346681 1785.446010 1786.590971 1783.158919 1782.879148 1783.927765 1781.387753 1782.156171 1779.801466 1779.066271 1770.100000 1767.700000 1765.100000 1762.100000 1761.000000 1758.800000 1758.900000 1757.700000 1755.600000 1755.000000 1752.700000 1753.400000 1749.900000 1749.100000 1749.400000 1750.400000 1749.800000 1748.000000 1746.800000 1745.100000 1742.200000 1741.900000
1800.900000 1798.500000 1804.108814 1803.031071 1798.417984 1797.277836 1797.284188 1797.130206 1797.746252 1796.776545 1798.656873 1791.867673 1791.883706 1791.562615 1789.219463 1788.835272 1789.410094 1792.089230 1791.952247 1787.831352 1786.579650 1785.834395 1786.400195 1785.076228 1783.532939 1784.192196 1781.336708 1780.707500 1782.156061 1780.229156 1778.976359 1778.041147 1773.554604 1766.500000 1763.500000 1761.300000 1759.800000 1756.200000 1755.000000 1755.300000 1753.100000 1752.400000 1751.000000 1750.600000 1747.600000 1748.000000 1747.000000 1747.000000 1748.200000 1746.100000 1745.100000 1741.500000 1740.900000 1740.700000
1798.200000 1799.500000 1797.700000 1801.969896 1801.200094 1795.691600 1800.299910 1795.318905 1799.536112 1795.432860 1793.179363 1789.605938 1789.948354 1793.797055 1789.022004 1786.520350 1785.425140 1789.838311 1790.257133 1786.149631 1785.489698 1783.994070 1784.459762 1785.761992 1782.154490 1783.960452 1782.710457 1779.348110 1778.607713 1779.788578 1779.420712 1776.957505 1773.158528 1765.200000 1763.100000 1760.900000 1758.900000 1755.900000 1753.200000 1752.500000 1751.500000 1750.100000 1748.000000 1747.900000 1746.100000 1747.100000 1745.200000 1745.300000 1746.700000 1743.400000 1742.700000 1741.000000 1738.400000 1739.100000
1797.200000 1797.900000 1798.100000 1799.800065 1800.649616 1799.175987 1793.626049 1794.237126 1793.201369 1791.793518 1790.702790 1788.276444 1787.579491 1786.496557 1786.169972 1783.670685 1783.647018 1789.049494 1787.402385 1786.798130 1782.812679 1781.133152 1782.113276 1784.027995 1780.892096 1779.908036 1781.489391 1780.207772 1777.499227 1776.785764 1777.084029 1774.259389 1772.465503 1763.100000 1760.800000 1759.800000 1758.300000 1755.700000 1751.900000 1750.800000 1750.100000 1747.500000 1746.800000 1744.400000 1743.900000 1745.600000 1745.000000 1744.000000 1744.300000 1743.400000 1741.300000 1739.900000 1738.300000 1737.800000
1795.600000 1795.400000 1796.800000 1796.400000 1797.098281 1796.856833 1792.515934 1792.023261 1790.468966 1790.410884 1788.793559 1787.563732 1785.175145 1784.101847 1782.294099 1781.250660 1781.372057 1785.505051 1784.068750 1783.115524 1779.849626 1780.046937 1778.489005 1782.058701 1781.955174 1778.734075 1777.056682 1778.634460 1778.575881 1778.019384 1774.807893 1774.083534 1770.094988 1762.400000 1759.200000 1756.500000 1755.900000 1753.400000 1750.900000 1748.600000 1746.800000 1744.400000 1745.500000 1743.900000 1742.600000 1742.800000 1741.700000 1742.000000 1741.500000 1742.100000 1740.100000 1739.600000 1738.700000 1737.000000
1795.100000 1794.100000 1794.800000 1796.300000 1793.600000 1795.253658 1794.239492 1788.910737 1787.566344 1787.416575 1791.004147 1785.785513 1784.089189 1781.458757 1780.580494 1779.207716 1779.123677 1780.375746 1781.880365 1780.681122 1776.952035 1777.378397 1776.466517 1779.933984 1779.032675 1779.696838 1776.027809 1773.990147 1774.473850 1773.937206 1774.083653 1770.110634 1770.153567 1765.783762 1764.085328 1757.514335 1752.300000 1750.700000 1748.700000 1746.600000 1745.600000 1743.400000 1743.000000 1743.600000 1740.600000 1740.100000 1739.900000 1739.100000 1739.700000 1741.100000 1739.500000 1737.200000 1736.200000 1737.100000
1795.700000 1791.300000 1791.000000 1794.400000 1792.200000 1792.476092 1791.658402 1786.058855 1785.319052 1784.063831 1784.482136 1786.885862 1780.393825 1778.069610 1778.423238 1777.171933 1777.306085 1777.241549 1779.180396 1778.136485 1774.723709 1775.103962 1773.902966 1777.813377 1775.982602 1776.147938 1776.470008 1771.866895 1770.854422 1770.618477 1770.036409 1769.004980 1768.129009 1764.691036 1763.995618 1760.039750 1754.646007 1748.600000 1746.800000 1743.900000 1741.800000 1742.900000 1740.900000 1740.400000 1740.600000 1738.500000 1738.500000 1737.200000 1737.700000 1738.800000 1738.500000 1736.900000 1734.700000 1734.900000
1792.700000 1790.200000 1788.600000 1791.300000 1789.400000 1788.000000 1790.636912 1789.084578 1783.116712 1781.543970 1780.937879 1783.658453 1776.981467 1775.439946 1775.867387 1775.011448 1776.873875 1775.785519 1773.333251 1776.140723 1772.494461 1772.403038 1771.173981 1775.511740 1773.307181 1770.845338 1772.327277 1772.006057 1767.791915 1767.786593 1767.415885 1767.972781 1765.256067 1763.245150 1760.961945 1759.878630 1755.829351 1752.148081 1744.000000 1743.600000 1741.200000 1740.400000 1741.700000 1738.300000 1738.500000 1737.800000 1736.300000 1736.000000 1736.500000 1735.900000 1735.000000 1734.000000 1733.000000 1732.000000
1789.000000 1788.500000 1787.500000 1787.400000 1787.600000 1786.300000 1785.300000 1787.167063 1785.797775 1778.538448 1778.127467 1778.082575 1775.960260 1773.501061 1772.122340 1772.112577 1773.505375 1772.262426 1770.402389 1774.046608 1770.149805 1770.352134 1768.995886 1769.900498 1770.685912 1766.922727 1769.199738 1768.440443 1766.474025 1765.017418 1766.228105 1763.991283 1762.849579 1761.332569 1759.234744 1756.988760 1753.276599 1751.574850 1744.100000 1741.600000 1739.500000 1740.100000 1739.500000 1738.300000 1737.900000 1737.200000 1735.300000 1735.200000 1736.000000 1734.500000 1733.100000 1732.600000 1731.200000 1729.600000
1786.400000 1786.100000 1788.000000 1784.100000 1783.600000 1782.300000 1782.800000 1781.301292 1782.061105 1776.526439 1775.938789 1776.364032 1778.177398 1771.435916 1769.915345 1769.923383 1770.112329 1770.179545 1767.829420 1768.809365 1769.423018 1768.006780 1767.002647 1766.475390 1769.966041 1767.914851 1763.300000 1767.109379 1766.662932 1763.666880 1762.661558 1762.459340 1762.213450 1759.730319 1757.344815 1757.020576 1754.918334 1750.994932 1742.500000 1740.800000 1738.500000 1738.800000 1739.000000 1737.300000 1735.900000 1735.700000 1733.000000 1732.900000 1735.000000 1732.700000 1732.300000 1731.900000 1731.200000 1728.200000
1785.100000 1785.200000 1787.200000 1782.600000 1780.400000 1782.200000 1777.200000 1773.800000 1779.438634 1774.567112 1773.929141 1773.530135 1771.935987 1770.643544 1768.071956 1767.629663 1767.846148 1766.433200 1765.775706 1766.651057 1766.660702 1764.987546 1765.233316 1765.201793 1769.007397 1767.212167 1762.540089 1762.685088 1763.964286 1763.845330 1760.940841 1760.168167 1759.660926 1758.859157 1755.994496 1755.223324 1752.220053 1748.831777 1743.411652 1739.200000 1737.500000 1738.400000 1736.700000 1735.300000 1734.400000 1732.600000 1733.000000 1732.100000 1733.800000 1731.500000 1730.200000 1730.300000 1729.300000 1728.000000
1781.900000 1783.700000 1782.500000 1782.600000 1778.700000 1778.700000 1776.500000 1773.100000 1778.267620 1777.394843 1772.374290 1771.179128 1770.827926 1769.008776 1767.524526 1766.051389 1764.778401 1764.372124 1763.543692 1764.964700 1764.764162 1764.086154 1764.127743 1763.946022 1767.495507 1766.467927 1761.649335 1756.155312 1761.106449 1761.308973 1761.133531 1758.281857 1756.787707 1755.978608 1755.416085 1753.556823 1750.961630 1745.334812 1742.789113 1737.600000 1736.000000 1736.500000 1735.900000 1733.700000 1730.400000 1729.300000 1729.400000 1730.800000 1731.400000 1729.500000 1729.200000 1728.500000 1727.500000 1726.300000
1780.000000 1780.500000 1778.400000 1778.200000 1776.900000 1775.400000 1777.500000 1771.900000 1775.497242 1775.336727 1770.724727 1769.230336 1768.653065 1766.921038 1766.080152 1764.250427 1763.070148 1763.203619 1763.527883 1763.990101 1764.263684 1762.609248 1762.746376 1762.641670 1763.125630 1765.011049 1760.994492 1752.700000 1755.616507 1756.640086 1757.676342 1757.565334 1754.215818 1752.646974 1750.596300 1750.510795 1749.409358 1744.203352 1741.895656 1736.100000 1735.300000 1733.500000 1731.900000 1730.000000 1729.200000 1726.800000 1728.100000 1728.600000 1729.200000 1728.300000 1727.700000 1727.600000 1725.600000 1724.800000
1777.000000 1776.500000 1774.800000 1775.900000 1776.300000 1773.600000 1775.900000 1773.500000 1769.300000 1773.641387 1773.289815 1768.006874 1766.375855 1766.519689 1762.827192 1763.240507 1762.171777 1762.401373 1762.266120 1762.330426 1760.043198 1762.137052 1761.163851 1760.822044 1761.816069 1764.553634 1760.937538 1752.300000 1749.900000 1748.500000 1754.475824 1754.887698 1754.084534 1750.310643 1749.237564 1747.917519 1746.774348 1743.676203 1740.161469 1734.100000 1734.700000 1731.000000 1729.400000 1726.600000 1726.600000 1727.100000 1726.500000 1726.500000 1727.400000 1726.400000 1724.500000 1725.200000 1724.700000 1723.900000
1772.600000 1774.100000 1772.700000 1774.200000 1774.800000 1772.600000 1773.100000 1773.200000 1770.800000 1770.128035 1771.480204 1770.678491 1765.262118 1764.503970 1764.210353 1761.801520 1760.408315 1761.921168 1761.449435 1760.815011 1757.455623 1760.806228 1759.666058 1759.570123 1760.808062 1763.180963 1760.414254 1753.010173 1747.800000 1747.600000 1749.498718 1749.809749 1750.379527 1749.706611 1748.431670 1746.204617 1743.708549 1741.733641 1736.799858 1731.200000 1730.600000 1729.000000 1725.500000 1724.100000 1723.600000 1725.800000 1726.000000 1724.000000 1724.600000 1724.700000 1722.800000 1722.900000 1722.500000 1721.400000
1770.000000 1772.100000 1771.600000 1772.700000 1771.200000 1771.000000 1770.600000 1769.800000 1768.000000 1764.700000 1768.760502 1768.796795 1764.871132 1763.672361 1763.092522 1762.773173 1760.408315 1761.274912 1761.039617 1759.184920 1756.854500 1758.063341 1758.056540 1757.474633 1759.307657 1761.467122 1759.190183 1753.121386 1745.500000 1746.100000 1745.100000 1743.100000 1746.432667 1746.391521 1746.015556 1745.326886 1741.634991 1741.196295 1730.300000 1728.200000 1728.300000 1726.700000 1723.800000 1721.500000 1722.500000 1723.700000 1724.300000 1722.500000 1722.100000 1721.300000 1720.100000 1720.400000 1719.000000 1719.200000
1767.900000 1769.900000 1769.900000 1770.400000 1769.600000 1768.300000 1768.300000 1766.200000 1765.300000 1761.000000 1763.105017 1767.427610 1766.456788 1762.624047 1762.524618 1765.740574 1760.203523 1759.712001 1758.351995 1758.781696 1756.635544 1757.101136 1756.161263 1754.575934 1756.061688 1758.284155 1756.956658 1751.965442 1744.200000 1742.900000 1742.100000 1740.500000 1737.700000 1739.708406 1739.730971 1739.454455 1738.860835 1737.927734 1731.400000 1726.800000 1726.100000 1723.900000 1720.500000 1719.300000 1721.400000 1722.100000 1722.300000 1721.300000 1720.400000 1718.100000 1718.400000 1717.800000 1717.200000 1715.700000
1768.400000 1769.200000 1767.400000 1767.300000 1768.000000 1764.700000 1765.500000 1763.500000 1762.700000 1759.000000 1759.330998 1763.418945 1760.351260 1765.087525 1760.303006 1760.839754 1763.099230 1759.050036 1756.177888 1755.688393 1755.896976 1754.425403 1755.692065 1753.397439 1753.295540 1754.274414 1753.712365 1750.457064 1745.731615 1740.000000 1738.300000 1737.400000 1734.600000 1735.200000 1734.300000 1734.900000 1732.200000 1731.700000 1729.700000 1727.800000 1724.800000 1722.600000 1718.200000 1718.300000 1719.000000 1721.000000 1720.400000 1719.100000 1717.500000 1718.000000 1716.900000 1715.500000 1715.600000 1714.700000
1765.800000 1766.500000 1765.600000 1764.600000 1763.400000 1762.400000 1762.600000 1762.100000 1760.800000 1758.100000 1759.348797 1763.177103 1759.332553 1762.942445 1758.031786 1757.022166 1760.563380 1755.483976 1754.539686 1752.919893 1753.414897 1751.691805 1753.983262 1751.578986 1750.793480 1750.888477 1747.733635 1749.236726 1746.418269 1741.278253 1736.900000 1735.200000 1733.100000 1733.100000 1732.100000 1731.500000 1728.200000 1729.500000 1728.300000 1726.600000 1724.700000 1723.800000 1719.300000 1715.400000 1715.800000 1716.900000 1717.700000 1718.700000 1716.600000 1715.100000 1714.000000 1713.000000 1713.700000 1713.000000
1761.500000 1762.300000 1764.100000 1763.300000 1762.100000 1760.300000 1758.600000 1759.100000 1758.600000 1757.500000 1758.561874 1761.473406 1757.523296 1761.117371 1759.704726 1754.909535 1754.939729 1753.151523 1752.343965 1751.436180 1750.383037 1748.830958 1750.169629 1750.950813 1748.013191 1749.281842 1750.788422 1744.078873 1745.135352 1741.523145 1738.429715 1733.300000 1732.600000 1730.000000 1730.300000 1729.500000 1727.600000 1726.600000 1724.800000 1724.900000 1723.300000 1721.600000 1718.300000 1716.300000 1714.300000 1713.800000 1715.100000 1716.200000 1715.300000 1713.100000 1712.500000 1711.500000 1711.300000 1711.300000
1759.600000 1759.000000 1760.200000 1761.500000 1760.200000 1758.300000 1756.100000 1757.700000 1755.700000 1755.700000 1757.473747 1759.494773 1756.917131 1755.672083 1757.014067 1752.433281 1751.856806 1751.266979 1751.475706 1749.364872 1748.101631 1747.575511 1745.208554 1746.589085 1750.560762 1747.068218 1746.702382 1746.184594 1740.186164 1741.228983 1738.978978 1734.052048 1730.000000 1727.600000 1726.800000 1727.500000 1726.400000 1723.600000 1721.200000 1722.000000 1719.900000 1717.900000 1716.800000 1715.500000 1714.100000 1711.000000 1713.300000 1714.500000 1711.800000 1711.900000 1711.200000 1709.400000 1709.700000 1708.500000
1757.600000 1757.200000 1757.400000 1758.400000 1756.500000 1755.900000 1754.500000 1756.000000 1754.600000 1754.900000 1755.774711 1757.286730 1757.432526 1752.333109 1751.412286 1751.040098 1750.559850 1748.975007 1748.679118 1748.361511 1745.930291 1744.069908 1744.382644 1742.367390 1744.882025 1748.119276 1744.145179 1742.023288 1738.201341 1736.970887 1738.058295 1735.254850 1732.684461 1731.201800 1730.973266 1723.900000 1722.100000 1721.700000 1719.400000 1718.700000 1719.000000 1715.800000 1714.400000 1713.700000 1712.600000 1709.900000 1710.600000 1710.400000 1709.800000 1710.700000 1708.500000 1706.900000 1706.300000 1706.000000
