cfamo/data/2006/output_2006_000000016000_SolidifiedLavaThickness.asc
ncols		517
nrows		378
xllcorner	499547.500000
yllcorner	4174982.500000
cellsize	10.000000
NODATA_value	0.000000
[rows 168 to 195 of 378, columns 315 to 377 of 517]
0.000000 0.000000 0.000000 0.000000 0.000000 0.000000 0.000000 0.000000 0.000000 0.000000 0.000000 0.000000 0.000000 0.000000 0.000000 0.000000 0.000000 0.000000 0.000000 0.000000 5.060133 6.550083 3.584374 4.725934 9.951650 5.209263 5.403595 5.556201 5.504570 5.540278 5.788395 5.850384 6.362352 7.175881 7.410144 7.313654 6.520370 10.091322 9.839041 8.421829 8.346357 8.199007 7.679199 2.249459 0.000000 0.000000 0.000000 0.000000 0.000000 0.000000 0.000000 0.000000 0.000000 0.000000 0.000000 0.000000 0.000000 0.000000 0.000000 0.000000 0.000000 0.000000 0.000000
0.000000 0.000000 0.000000 0.000000 1.628084 3.616958 5.069099 4.443785 4.916212 4.985628 2.538804 4.690474 0.000000 0.000000 0.000000 0.000000 0.000000 0.000000 0.000000 6.063093 7.288892 4.739807 8.650087 4.377273 4.884150 5.145838 5.383551 5.514232 5.504682 5.423097 5.499350 5.761361 5.849287 6.687163 6.794822 6.997845 7.090214 9.896076 9.021550 9.033682 9.375104 8.249166 8.074173 7.613976 2.169697 0.000000 0.000000 0.000000 0.000000 0.000000 0.000000 0.000000 0.000000 0.000000 0.000000 0.000000 0.000000 0.000000 0.000000 0.000000 0.000000 0.000000 0.000000
0.000000 0.000000 2.111428 3.945005 6.001102 6.533216 5.899489 5.850656 6.233033 6.013021 6.399545 5.640264 5.798913 6.116592 6.807655 7.280323 7.518658 7.731401 8.175926 8.700487 3.891901 8.123131 4.732201 4.345926 4.845233 5.087708 5.285064 5.422714 5.501200 5.460551 5.477970 5.564675 5.833639 6.118798 6.260302 6.812375 7.017609 10.020611 9.077830 7.255928 8.383288 8.474175 8.481277 7.991790 4.926916 0.000000 0.000000 0.000000 0.000000 0.000000 0.000000 0.000000 0.000000 0.000000 0.000000 0.000000 0.000000 0.000000 0.000000 0.000000 0.000000 0.000000 0.000000
4.970015 4.961030 5.776122 4.017024 3.370782 3.329781 2.883842 3.600436 3.078963 3.345934 3.058561 2.683627 2.328290 2.554746 2.692848 3.203771 3.203375 3.172324 4.159266 3.446349 3.845471 3.742620 3.873738 4.673047 3.762859 5.131067 5.298141 5.419304 5.492363 5.417965 5.441678 5.504444 5.505183 5.798800 6.168298 6.410682 7.371432 6.797240 6.973086 7.355928 7.020124 8.719940 8.791794 8.095291 4.996805 0.000000 0.000000 0.000000 0.000000 0.000000 0.000000 0.000000 0.000000 0.000000 0.000000 0.000000 0.000000 0.000000 0.000000 0.000000 0.000000 0.000000 0.000000
3.920350 3.500885 3.320664 2.784915 3.704833 2.312328 2.516719 3.895883 3.060332 3.202514 2.622865 2.355946 2.535836 2.528811 3.454282 3.452427 3.810026 4.037527 3.863218 3.397556 3.331057 3.225972 3.349295 4.447643 4.570389 5.005247 5.320869 5.369070 5.402453 5.435989 5.438933 5.448523 5.410309 5.583037 5.865815 6.522904 6.271722 6.977354 11.057729 10.458002 7.426639 9.019940 7.243983 7.349548 7.551158 1.955581 1.822283 1.843520 0.000000 0.000000 0.000000 0.000000 0.000000 0.000000 0.000000 0.000000 0.000000 0.000000 0.000000 0.000000 0.000000 0.000000 0.000000
3.715948 2.695035 3.862720 3.145321 2.053926 2.558771 2.983506 3.513294 2.946326 3.214431 3.237590 2.578726 2.216338 2.322722 3.006946 3.040629 3.553379 3.777955 3.974643 3.915824 3.831269 3.626394 3.607268 4.343903 4.307735 4.970412 5.142781 5.340242 5.482348 5.447132 5.425829 5.409494 5.383080 5.511444 5.667714 6.073821 6.373559 10.723510 6.911702 10.776760 10.226196 7.184311 8.431165 7.550886 7.863290 7.451397 7.711729 6.457243 1.172548 0.000000 0.000000 0.000000 0.000000 0.000000 0.000000 0.000000 0.000000 0.000000 0.000000 0.000000 0.000000 0.000000 0.000000
3.578990 3.679853 2.580816 3.520285 1.871326 2.287150 3.074662 2.763150 4.116235 6.502028 6.618851 2.622422 2.989480 3.769933 3.242057 3.334022 3.513326 3.832549 3.761090 3.270466 3.272391 3.871469 4.278880 4.589581 4.695592 4.894280 5.095329 5.309297 5.400709 5.465653 5.434890 5.365793 5.423507 5.439865 5.588676 5.815721 6.130962 6.528275 6.611057 6.743057 10.033601 8.697521 7.975150 7.775152 7.802400 7.796896 7.141959 6.993144 2.464849 0.000000 0.000000 0.000000 0.000000 0.000000 0.000000 0.000000 0.000000 0.000000 0.000000 0.000000 0.000000 0.000000 0.000000
2.785104 2.647290 2.659879 3.811111 3.703706 2.738704 2.156668 1.909626 1.621132 2.799132 3.421371 2.707637 3.844446 4.126008 3.726621 3.206131 3.712773 3.381770 3.020483 2.905487 2.981770 3.226374 3.926590 4.252166 4.270541 4.927452 5.111473 5.297281 5.387638 5.403825 5.440608 5.399628 5.406058 5.351692 5.402749 6.127401 6.527401 6.122720 6.206299 6.601106 6.595491 8.449294 9.327379 8.776897 8.258371 7.804830 7.641019 7.167684 2.702032 0.000000 0.000000 0.000000 0.000000 0.000000 0.000000 0.000000 0.000000 0.000000 0.000000 0.000000 0.000000 0.000000 0.000000
3.027565 2.116872 2.187763 2.752582 3.148312 3.483768 5.970446 5.716139 3.477795 2.539735 3.964195 2.706694 2.499848 3.056399 3.323773 3.511403 3.223143 3.356384 3.413513 3.315755 3.459878 4.055820 4.722448 4.615853 3.855411 4.958549 5.245951 5.347429 5.419420 5.357686 5.383135 5.333530 5.371916 5.471916 5.491005 5.750308 5.529616 5.768281 5.891154 6.169360 6.624384 9.475339 7.050167 9.354659 7.669568 5.199580 6.832874 3.732063 0.000000 0.000000 0.000000 0.000000 0.000000 0.000000 0.000000 0.000000 0.000000 0.000000 0.000000 0.000000 0.000000 0.000000 0.000000
3.586555 3.697651 3.366977 3.912381 4.008536 3.390122 3.359330 3.864566 3.104829 3.935071 2.910596 2.710961 2.346434 2.164042 3.044559 2.618467 3.040086 2.778666 2.805992 2.515260 3.311809 4.250579 4.448968 4.650607 3.688863 4.901747 5.222000 5.345444 5.411146 5.392287 5.379082 5.403452 5.369463 5.366793 5.306672 5.090274 5.481502 5.420330 5.773871 6.039827 6.307365 6.660992 10.111567 6.895649 8.639649 6.718643 6.274009 6.358933 5.920455 3.533537 1.908127 0.000000 0.000000 0.000000 0.000000 0.000000 0.000000 0.000000 0.000000 0.000000 0.000000 0.000000 0.000000
3.720138 4.419440 5.115954 3.409976 2.765635 3.933916 3.459982 3.233031 3.619356 5.939163 5.494106 5.939813 5.861679 6.747831 7.833920 7.762496 8.109249 8.357087 4.136982 2.423822 4.440981 3.986217 4.533166 3.760462 4.747330 4.952285 5.135839 5.369027 5.355611 5.369124 5.400872 5.203335 5.105093 5.329924 5.366227 5.455763 5.345048 5.041831 5.658343 5.940676 6.025751 6.653141 6.695423 9.345254 6.928330 7.705190 6.648080 7.665655 7.391238 7.519860 4.606294 0.000000 0.000000 0.000000 0.000000 0.000000 0.000000 0.000000 0.000000 0.000000 0.000000 0.000000 0.000000
5.502853 5.300881 6.253025 6.975666 2.262628 3.746789 4.427259 3.660182 3.938117 2.743936 3.781014 6.854888 5.870372 5.989801 6.749847 8.265930 8.143844 8.829482 7.804620 6.423735 4.350039 4.538666 4.623421 4.722630 4.966655 5.032892 4.658651 5.476638 5.337431 5.382741 5.412457 5.345185 5.356953 5.354828 5.381081 5.414251 5.345315 5.476147 4.951304 5.876838 6.244375 6.324641 6.546505 9.511281 7.560064 7.081003 7.111421 8.028440 7.627301 7.702971 6.668614 0.000000 0.000000 0.000000 0.000000 0.000000 0.000000 0.000000 0.000000 0.000000 0.000000 0.000000 0.000000
2.554763 1.684543 2.171989 1.927955 4.538466 4.563713 4.642623 4.194083 6.530477 4.079706 3.855243 3.976795 2.429081 3.374553 3.031897 2.764259 3.498200 4.463774 4.054810 4.255422 3.698227 4.320804 3.903924 4.965384 5.096306 5.197378 5.420169 5.422850 5.412427 5.354659 5.310737 5.394429 5.202485 5.353857 5.341165 5.385979 5.407010 5.318367 5.534852 5.854179 6.092568 6.277838 9.717568 9.345254 7.072344 7.713765 7.462755 7.728440 7.674081 7.676839 7.046431 6.425338 0.000000 0.000000 0.000000 0.000000 0.000000 0.000000 0.000000 0.000000 0.000000 0.000000 0.000000
6.563514 6.768546 6.936127 7.399932 6.227989 5.661329 6.256141 6.226480 3.467053 4.563284 2.677769 2.563493 2.594705 4.211113 3.591918 2.187576 2.461785 2.300049 4.646429 4.711492 4.718538 4.427592 3.468814 5.018509 5.218710 5.331789 5.634982 5.361143 5.419488 5.373589 5.357064 5.401042 5.409829 5.400793 5.406407 5.379657 5.376834 5.226308 5.395175 5.489113 5.923838 6.237867 6.337295 9.169216 7.091664 7.874347 8.191504 8.313962 8.196804 8.346431 7.639840 6.035212 0.000000 0.000000 0.000000 0.000000 0.000000 0.000000 0.000000 0.000000 0.000000 0.000000 0.000000
0.000000 2.249229 3.373167 1.141314 0.000000 1.370060 2.992342 7.115611 6.740517 5.490505 4.078258 3.901796 4.166190 4.507470 4.125209 2.589081 3.717185 4.607174 4.353205 3.528711 4.638623 4.319377 4.280241 4.876447 5.166600 5.372688 5.392991 5.397795 5.403122 5.516428 5.449073 5.400384 5.423613 5.373075 5.408328 5.316755 5.229513 5.330325 5.388198 5.305235 5.713453 6.005306 10.535276 6.265751 6.228788 6.208789 6.386109 7.542709 6.838892 7.442954 5.635588 6.283921 0.000000 0.000000 0.000000 0.000000 0.000000 0.000000 0.000000 0.000000 0.000000 0.000000 0.000000
0.000000 3.666467 4.194896 6.353473 7.217181 5.814211 7.387078 3.515829 3.219647 8.223411 8.660339 8.379687 7.395861 6.600963 6.712907 8.053762 8.924694 3.874794 3.793299 7.238824 8.177439 8.238850 4.079028 4.185077 4.477680 4.977787 5.057468 5.371965 5.485173 5.455842 5.421430 5.465049 5.468680 5.436939 5.444985 5.395102 5.339110 5.347057 5.246756 5.409333 5.524160 5.492649 11.339942 9.386642 9.212988 6.419030 6.515962 8.172216 7.492080 7.364956 5.022811 0.000000 0.000000 0.000000 0.000000 0.000000 0.000000 0.000000 0.000000 0.000000 0.000000 0.000000 0.000000
3.970641 6.707037 3.128541 3.319106 3.364376 3.289672 3.133809 3.048829 3.148091 3.618190 2.256266 3.170127 2.889380 3.080868 3.847078 4.317894 4.672213 5.697765 4.852361 3.369216 5.045918 2.937690 3.799882 4.713364 4.154798 5.005602 5.182169 5.411014 5.533052 5.483819 5.406495 5.332085 5.458625 5.469150 5.494472 5.313858 5.495151 5.331627 5.356416 5.067222 5.488542 6.016808 5.976764 10.010400 9.264174 8.221473 6.602421 6.640763 7.264846 7.160112 5.294759 1.551083 0.000000 0.000000 0.000000 0.000000 0.000000 0.000000 0.000000 0.000000 0.000000 0.000000 0.000000
5.698318 2.369367 2.091350 2.580895 2.524723 1.534236 3.526320 3.583290 3.293180 3.734527 3.208673 3.306817 3.205487 6.511010 5.584023 5.390778 4.739086 6.699210 7.597651 4.238535 3.315794 4.927985 5.590871 5.521825 4.934332 5.014626 5.322230 5.474008 5.551413 5.532781 5.387633 5.423963 5.417158 5.438030 5.470313 5.331275 5.242802 5.854252 5.430166 5.378404 5.375263 5.516808 5.757523 5.831450 5.787317 9.118529 6.718256 7.741799 7.206863 7.292831 7.021684 3.192302 0.000000 0.000000 0.000000 0.000000 0.000000 0.000000 0.000000 0.000000 0.000000 0.000000 0.000000
4.205820 3.313730 2.400891 3.642628 7.301589 5.974498 6.128784 6.229441 7.788440 7.923379 3.382757 3.763478 6.195178 2.711211 2.871550 4.201116 3.911500 3.624118 5.017696 7.236822 4.744427 4.965107 4.431188 5.118973 4.797430 5.011690 5.125993 5.124223 5.370481 5.622123 5.529860 5.384615 5.393808 5.437340 5.449616 5.461506 5.440796 5.854252 5.292702 5.322526 5.164659 5.171758 5.134029 5.606257 9.181674 6.264565 6.983379 8.072406 7.392831 7.348285 5.825948 3.005793 0.000000 0.000000 0.000000 0.000000 0.000000 0.000000 0.000000 0.000000 0.000000 0.000000 0.000000
4.693745 7.510765 6.524973 7.045829 7.215654 5.410547 5.663919 7.360382 5.605104 6.922052 5.888382 3.254059 3.792794 2.704767 2.377829 2.608480 3.563921 4.015701 4.917802 4.679553 4.286132 5.275545 5.070196 5.250731 4.769276 3.957463 4.511926 4.332344 5.230445 5.544224 5.551413 5.427412 5.377432 5.426438 5.430171 5.431651 5.344404 5.312720 5.288566 5.224667 5.212411 5.274165 4.824338 5.029125 6.515733 10.941490 10.065754 7.281472 6.432932 6.725966 6.571612 0.000000 0.000000 0.000000 0.000000 0.000000 0.000000 0.000000 0.000000 0.000000 0.000000 0.000000 0.000000
4.386226 4.359375 4.305247 3.305159 3.471794 4.316972 4.192812 4.747359 4.259266 3.812530 3.874985 3.928052 3.933645 8.026768 7.338692 7.946009 3.753760 4.119217 4.541463 4.560113 4.549705 5.225429 4.913896 5.067981 5.339655 5.196536 5.334204 5.225209 5.022808 5.228761 5.656507 5.417550 5.476317 5.427506 5.414541 5.423485 5.262146 5.128294 4.654208 5.381860 5.342245 5.314075 5.089898 5.575121 5.355216 8.798483 9.591640 7.275803 7.413950 4.849878 3.655688 3.151351 0.000000 0.000000 0.000000 0.000000 0.000000 0.000000 0.000000 0.000000 0.000000 0.000000 0.000000
4.014175 3.539485 3.849275 2.617322 2.574681 3.046023 3.571636 3.133161 2.558101 3.742506 3.364141 7.278866 7.705502 7.048089 7.153625 7.125527 6.630947 3.382993 3.485616 4.007507 4.648339 4.471414 4.308646 4.224433 5.244078 5.272491 5.296876 4.614090 5.414885 3.918552 5.157106 5.585797 5.547027 5.397301 5.493446 5.469957 5.283501 5.293964 4.832764 5.451043 5.387099 5.456233 4.972319 5.134803 5.260955 5.755740 10.585650 8.291538 6.997851 5.822647 6.385912 5.188987 0.000000 0.000000 0.000000 0.000000 0.000000 0.000000 0.000000 0.000000 0.000000 0.000000 0.000000
8.476986 6.797238 7.028584 7.178505 3.374554 4.322423 3.989595 4.616866 4.492691 7.098559 7.170678 4.412676 4.297065 4.375011 3.653871 2.464250 3.576622 3.658432 3.186390 3.965038 3.702391 4.990945 4.938556 5.088547 5.382750 5.287042 5.435873 5.446601 5.514810 4.770557 5.193750 5.547027 5.537573 5.550919 5.574963 5.524975 5.452023 5.302084 5.195226 4.961968 5.024587 5.056680 5.203706 5.198321 4.912486 5.407263 5.718026 10.011769 7.722653 6.263798 7.642835 5.539596 3.550871 0.000000 0.000000 0.000000 0.000000 0.000000 0.000000 0.000000 0.000000 0.000000 0.000000
6.302065 4.300713 4.796942 6.711009 3.898266 4.423590 5.051068 5.050610 4.438370 4.836877 4.035816 3.488776 4.712938 4.727287 4.357980 2.435857 2.837193 4.484913 3.806086 4.491793 2.407155 4.516514 4.670636 5.416209 7.821580 7.121580 5.559266 5.367248 5.369966 4.954637 5.348497 5.507416 5.517742 5.539160 5.564216 5.540221 5.464797 5.041690 4.496296 4.881329 5.231928 5.375443 5.229867 5.038169 5.425887 5.434798 5.571360 5.961624 9.079530 10.220226 10.642660 7.729045 6.961477 0.000000 0.000000 0.000000 0.000000 0.000000 0.000000 0.000000 0.000000 0.000000 0.000000
4.780673 5.788040 4.688040 3.069601 3.130892 4.323769 5.226080 5.185635 4.939416 4.481300 4.108610 4.695554 4.721639 4.356292 4.441849 4.498253 4.375764 3.094144 7.128417 3.493443 3.079521 4.178262 4.917398 4.945180 5.519699 5.493800 5.565946 6.050541 5.250541 4.842416 5.269765 5.515982 5.515894 5.427428 5.455589 5.404856 5.303120 5.404733 5.157997 4.907904 5.446966 4.219610 4.892549 4.987010 5.455151 5.386170 5.501422 5.722525 5.824013 5.897162 9.809479 9.024503 8.007985 0.000000 0.000000 0.000000 0.000000 0.000000 0.000000 0.000000 0.000000 0.000000 0.000000
4.730880 5.144918 3.949562 4.520870 4.047821 6.746144 7.364513 5.883677 5.111615 5.141989 6.093692 4.880510 4.664625 5.041225 5.403814 5.527024 5.098299 5.670871 7.349738 5.557168 4.133901 4.497884 5.410847 4.598326 5.444497 4.782165 5.528451 5.413619 5.151969 5.133314 5.630469 5.553697 5.327414 5.295492 4.777303 5.032754 4.608409 5.299648 10.605005 5.244308 5.136676 4.857508 5.204925 5.021134 5.460178 5.094840 5.557160 5.485321 5.811679 5.512024 5.668579 9.555874 8.362703 0.000000 0.000000 0.000000 0.000000 0.000000 0.000000 0.000000 0.000000 0.000000 0.000000
5.096587 5.577397 4.910245 4.994798 4.365845 5.060161 5.945274 0.000000 0.000000 0.000000 0.000000 0.000000 0.000000 0.000000 0.000000 0.000000 0.000000 0.000000 0.000000 3.380364 5.205395 6.984734 5.314289 5.482097 5.436547 5.585689 5.542719 4.930294 8.638002 7.706208 4.846143 5.559613 5.302902 6.660040 5.614686 5.483290 5.559768 5.416684 5.300950 10.008031 4.818459 10.056139 5.278114 5.261226 5.068919 4.931841 5.270641 5.546217 5.818336 11.028414 5.940212 5.774617 9.223363 6.197563 0.000000 0.000000 0.000000 0.000000 0.000000 0.000000 0.000000 0.000000 0.000000
0.000000 0.000000 0.000000 0.000000 0.000000 0.000000 0.000000 0.000000 0.000000 0.000000 0.000000 0.000000 0.000000 0.000000 0.000000 0.000000 0.000000 0.000000 0.000000 0.000000 0.000000 4.607288 6.670008 6.030567 6.534220 5.086056 4.204834 8.232839 3.925312 3.908036 5.405768 5.615483 5.796769 6.060040 5.811512 5.561120 5.598926 5.424719 9.884675 5.184836 9.902720 4.620152 5.097049 4.738380 5.303282 5.054739 5.312541 5.480984 10.769203 5.693148 10.340573 5.898409 5.932828 6.496655 0.000000 0.000000 0.000000 0.000000 0.000000 0.000000 0.000000 0.000000 0.000000
