cfamo/data/2006/output_2006_000000016000_Morphology.asc
ncols		517
nrows		378
xllcorner	499547.500000
yllcorner	4174982.500000
cellsize	10.000000
NODATA_value	0.000000
[rows 216 to 239 of 378, columns 378 to 431 of 517]
1827.729559 1827.192461 1827.192461 1830.894701 1830.773507 1827.956255 1828.510161 1828.568740 1825.861228 1824.782162 1825.111131 1821.422751 1819.317596 1820.577525 1820.299755 1818.586858 1815.500000 1818.500000 1817.100000 1816.800000 1816.700000 1816.600000 1816.600000 1814.900000 1812.800000 1811.300000 1809.400000 1807.600000 1808.400000 1808.000000 1809.400000 1808.800000 1803.300000 1802.900000 1802.100000 1801.700000 1803.800000 1801.900000 1799.700000 1798.900000 1796.700000 1793.800000 1794.800000 1792.600000 1789.400000 1789.300000 1787.100000 1787.500000 1786.100000 1785.100000 1782.500000 1780.900000 1782.300000 1777.500000
1827.619089 1827.267627 1828.338797 1826.120676 1829.631223 1828.744486 1826.403484 1826.534514 1826.622382 1825.831570 1822.625530 1821.988305 1818.788481 1818.905639 1819.621892 1819.679987 1813.400000 1816.600000 1817.100000 1815.600000 1815.900000 1816.200000 1815.900000 1814.400000 1813.500000 1811.000000 1810.500000 1808.500000 1807.400000 1806.700000 1807.300000 1809.600000 1802.900000 1800.400000 1800.400000 1801.100000 1798.900000 1799.300000 1797.100000 1794.400000 1794.300000 1791.900000 1789.800000 1792.000000 1787.600000 1785.800000 1784.700000 1786.000000 1784.400000 1782.300000 1780.900000 1779.000000 1778.100000 1778.200000
1826.374600 1826.483280 1827.626217 1825.910171 1823.128113 1823.211166 1826.282792 1824.130008 1823.371488 1822.662534 1822.750193 1822.164406 1819.690374 1818.905639 1818.993499 1818.947754 1813.800000 1816.700000 1816.400000 1815.200000 1815.400000 1815.400000 1815.900000 1815.200000 1813.900000 1812.200000 1809.800000 1808.100000 1806.600000 1805.700000 1806.600000 1807.400000 1801.800000 1798.100000 1798.000000 1797.700000 1797.100000 1794.200000 1792.700000 1790.300000 1789.400000 1786.500000 1784.500000 1788.300000 1786.800000 1784.600000 1783.500000 1783.000000 1782.100000 1780.600000 1779.200000 1777.500000 1775.800000 1774.200000
1825.428672 1825.144187 1825.923729 1826.321310 1822.642879 1820.734532 1822.331770 1820.930434 1820.265887 1822.403884 1821.334581 1820.367229 1819.349013 1819.006333 1818.997541 1819.035622 1812.700000 1815.100000 1814.600000 1814.300000 1814.900000 1815.500000 1816.100000 1814.100000 1813.500000 1813.500000 1810.400000 1806.200000 1803.900000 1803.700000 1804.900000 1806.200000 1803.800000 1798.100000 1796.700000 1795.400000 1793.900000 1792.400000 1789.800000 1788.000000 1786.000000 1785.600000 1783.100000 1783.500000 1786.000000 1783.000000 1782.500000 1780.800000 1780.000000 1779.100000 1777.300000 1775.100000 1773.800000 1772.500000
1824.824849 1823.931149 1824.228185 1824.529991 1822.404965 1820.922104 1820.910268 1820.744454 1819.247297 1818.549579 1818.407801 1820.337570 1818.519240 1817.844971 1817.692602 1814.597970 1811.995778 1812.500000 1813.400000 1812.700000 1813.800000 1814.400000 1812.700000 1812.200000 1811.900000 1810.600000 1808.000000 1807.400000 1803.700000 1802.100000 1802.400000 1803.000000 1801.700000 1795.700000 1794.900000 1793.600000 1792.500000 1790.100000 1787.800000 1786.900000 1784.100000 1782.600000 1780.700000 1779.500000 1784.100000 1782.700000 1780.800000 1780.000000 1777.700000 1777.200000 1775.700000 1772.400000 1772.200000 1770.000000
1824.695546 1823.469272 1822.487080 1822.230739 1821.267713 1820.444660 1821.326473 1821.244467 1819.185378 1818.872304 1817.205007 1816.861618 1815.461909 1815.225227 1817.516866 1817.143219 1813.889920 1810.900000 1812.200000 1811.400000 1811.600000 1812.400000 1810.500000 1809.000000 1808.900000 1807.200000 1803.300000 1803.300000 1803.300000 1800.600000 1798.300000 1797.700000 1797.800000 1792.900000 1791.600000 1790.800000 1791.000000 1789.000000 1786.800000 1783.800000 1781.700000 1779.900000 1778.800000 1776.600000 1777.800000 1782.100000 1780.600000 1778.600000 1777.600000 1775.500000 1773.700000 1772.400000 1771.100000 1769.500000
1825.471565 1824.141162 1822.705578 1821.322429 1820.527180 1819.870582 1820.558500 1820.504323 1817.944417 1817.998421 1816.363894 1815.203177 1814.907156 1814.566570 1817.103233 1817.026061 1813.539324 1811.200000 1810.800000 1810.300000 1809.100000 1811.000000 1809.800000 1807.500000 1805.100000 1801.000000 1798.600000 1799.500000 1801.700000 1798.200000 1795.900000 1794.700000 1797.100000 1791.000000 1789.100000 1787.700000 1788.300000 1786.600000 1784.800000 1783.300000 1780.500000 1778.400000 1777.600000 1776.000000 1774.600000 1776.300000 1779.100000 1777.200000 1776.000000 1776.800000 1775.700000 1773.200000 1771.000000 1769.500000
1824.606944 1822.842766 1822.268685 1821.334821 1820.661599 1819.714631 1818.480062 1818.749613 1816.815593 1815.985923 1816.488629 1814.436203 1814.078381 1813.433252 1814.291507 1817.084640 1813.483609 1811.100000 1810.100000 1809.000000 1807.700000 1808.700000 1806.600000 1804.000000 1803.600000 1800.300000 1796.200000 1794.800000 1796.900000 1796.800000 1793.600000 1792.400000 1793.400000 1790.500000 1787.900000 1785.000000 1784.000000 1783.400000 1782.800000 1781.000000 1779.000000 1778.000000 1774.400000 1773.100000 1771.100000 1771.500000 1772.500000 1776.400000 1775.500000 1775.000000 1775.800000 1774.700000 1772.000000 1770.700000
1823.208898 1822.033550 1820.975118 1821.050451 1819.543474 1819.260148 1818.390716 1816.530357 1814.838662 1814.920687 1813.188640 1813.548259 1812.854464 1813.143173 1813.151059 1816.530033 1814.870821 1815.831137 1810.100000 1808.500000 1806.600000 1806.000000 1806.500000 1801.200000 1798.800000 1797.800000 1795.500000 1793.500000 1791.700000 1794.900000 1792.000000 1789.900000 1789.500000 1790.200000 1785.700000 1783.200000 1782.100000 1780.100000 1780.200000 1780.300000 1777.300000 1776.600000 1774.200000 1771.800000 1769.600000 1767.800000 1769.300000 1770.000000 1773.600000 1774.500000 1773.400000 1772.600000 1772.000000 1769.100000
1822.403881 1821.753575 1819.094348 1819.541448 1819.624683 1818.166540 1818.184208 1817.105189 1814.601814 1812.390251 1810.906067 1810.676781 1812.092049 1812.838222 1812.521387 1813.102170 1811.737503 1814.271570 1811.681626 1807.700000 1806.300000 1804.400000 1804.000000 1803.400000 1797.700000 1795.200000 1791.400000 1791.800000 1789.000000 1789.200000 1790.700000 1788.800000 1787.300000 1786.600000 1787.100000 1782.300000 1780.800000 1779.700000 1778.300000 1777.900000 1775.900000 1774.300000 1772.600000 1770.200000 1768.000000 1767.600000 1766.900000 1765.800000 1768.500000 1771.700000 1771.900000 1771.300000 1769.600000 1766.200000
1819.366527 1818.795129 1816.715434 1817.588116 1817.507415 1817.806544 1818.070844 1817.163268 1814.897729 1812.382880 1810.555608 1809.687055 1810.377318 1812.355340 1812.099074 1812.557505 1811.701335 1814.630216 1812.636569 1805.700000 1805.800000 1804.100000 1802.300000 1801.300000 1801.000000 1797.400000 1790.800000 1789.300000 1788.400000 1785.700000 1788.200000 1786.000000 1785.600000 1785.100000 1784.100000 1784.800000 1780.000000 1777.100000 1775.600000 1775.600000 1774.900000 1772.300000 1770.800000 1769.400000 1769.800000 1768.900000 1768.000000 1767.300000 1766.900000 1766.900000 1767.000000 1767.300000 1765.600000 1761.800000
1819.544812 1817.943690 1816.096445 1816.304287 1816.103684 1816.890571 1817.828465 1816.195892 1815.113134 1813.541521 1811.222091 1809.244781 1809.167799 1811.080856 1811.280603 1811.543591 1813.986870 1810.808034 1811.728600 1810.409111 1806.239661 1803.700000 1802.700000 1799.400000 1799.300000 1798.100000 1791.700000 1787.600000 1785.800000 1784.100000 1787.000000 1784.800000 1784.900000 1783.300000 1782.900000 1782.600000 1782.800000 1779.400000 1775.200000 1772.800000 1773.200000 1770.600000 1771.300000 1770.000000 1768.300000 1767.900000 1767.600000 1767.300000 1766.700000 1766.000000 1764.700000 1763.700000 1763.300000 1761.300000
1820.087424 1818.279749 1815.479399 1816.220841 1816.468841 1816.445981 1817.000821 1815.539295 1814.055954 1812.519139 1810.818581 1810.793725 1808.632341 1808.311215 1810.471797 1810.690176 1813.638677 1811.728602 1808.007771 1809.208248 1807.134997 1805.184134 1802.175982 1799.800000 1797.100000 1797.300000 1794.200000 1789.100000 1784.400000 1781.500000 1785.900000 1785.300000 1783.200000 1783.300000 1782.700000 1781.700000 1781.000000 1780.300000 1779.300000 1777.700000 1776.200000 1774.200000 1771.300000 1770.500000 1769.300000 1768.200000 1767.400000 1767.200000 1767.200000 1765.200000 1764.500000 1762.800000 1761.700000 1760.300000
1820.210177 1818.406477 1816.615349 1814.592084 1815.979270 1815.516485 1816.526371 1815.997642 1814.611219 1812.342246 1811.267313 1809.592902 1809.363884 1807.567090 1809.269614 1809.286419 1809.732730 1810.155688 1809.208248 1804.275936 1806.724947 1805.415275 1802.525499 1803.111283 1802.431971 1794.300000 1793.600000 1789.900000 1787.700000 1785.600000 1784.200000 1785.500000 1784.200000 1782.900000 1781.900000 1781.200000 1780.000000 1778.400000 1777.000000 1775.500000 1774.400000 1774.100000 1772.300000 1771.000000 1770.500000 1768.400000 1768.000000 1767.000000 1766.500000 1764.100000 1763.700000 1761.900000 1759.300000 1757.400000
1818.581370 1816.990993 1815.902643 1814.765937 1814.352026 1815.503558 1815.845200 1818.922801 1818.104524 1816.780340 1810.914178 1809.335811 1808.376503 1807.805516 1806.837969 1806.876432 1807.235339 1809.297314 1807.176555 1806.724947 1802.880197 1805.268828 1802.220038 1799.804149 1801.172530 1799.741506 1791.900000 1790.500000 1788.000000 1785.800000 1785.800000 1784.400000 1785.600000 1783.900000 1782.100000 1781.000000 1780.000000 1778.000000 1777.300000 1776.900000 1776.000000 1774.000000 1772.500000 1772.400000 1771.100000 1767.200000 1767.100000 1766.700000 1766.200000 1763.700000 1761.200000 1758.700000 1757.600000 1756.500000
1817.637014 1815.940920 1815.329442 1814.641203 1812.668895 1813.847310 1814.585964 1813.891358 1816.441725 1814.800714 1813.788441 1809.361531 1808.811006 1807.574426 1804.902974 1805.995926 1806.053820 1806.721554 1807.591592 1806.468280 1805.268828 1802.378223 1804.336762 1802.203314 1798.892164 1799.155719 1796.907560 1790.300000 1788.700000 1785.200000 1785.000000 1785.700000 1785.500000 1785.000000 1784.800000 1782.700000 1780.500000 1778.800000 1778.000000 1779.500000 1778.800000 1776.200000 1773.000000 1769.600000 1766.900000 1765.600000 1764.300000 1765.500000 1765.200000 1764.200000 1762.700000 1758.600000 1753.500000 1755.900000
1816.694221 1814.680942 1814.328991 1813.615818 1811.234193 1810.696686 1812.883829 1812.685701 1815.989172 1813.923761 1811.661017 1811.718800 1807.310423 1805.990519 1804.259503 1804.993381 1806.009830 1808.348545 1803.378626 1805.370731 1804.073158 1804.336749 1804.541774 1800.092978 1799.155719 1795.821855 1796.263195 1795.191080 1789.128326 1785.700000 1785.700000 1785.600000 1785.500000 1784.200000 1784.900000 1783.600000 1781.300000 1778.700000 1779.200000 1781.100000 1778.600000 1774.700000 1770.600000 1768.900000 1767.500000 1766.000000 1762.600000 1761.100000 1763.000000 1763.400000 1762.000000 1758.400000 1754.000000 1753.500000
1815.629677 1814.299632 1812.814204 1812.472110 1810.280207 1809.555554 1811.455046 1811.353716 1814.792272 1812.330033 1807.374580 1808.671793 1804.011355 1803.032847 1802.959394 1801.883948 1803.699972 1804.089718 1805.371227 1802.845191 1801.844577 1801.844577 1803.936655 1803.112540 1797.200453 1793.942195 1794.511710 1794.927476 1792.782449 1786.000000 1786.100000 1784.900000 1783.900000 1782.800000 1780.700000 1779.600000 1776.200000 1778.200000 1779.200000 1779.200000 1778.400000 1775.000000 1772.500000 1768.400000 1766.100000 1764.600000 1763.400000 1761.200000 1759.300000 1761.000000 1759.000000 1754.200000 1753.400000 1752.200000
1818.932680 1814.269472 1812.405855 1810.866651 1810.216950 1809.970065 1809.760579 1810.577394 1809.290178 1812.012532 1808.232326 1807.352100 1802.994696 1801.229650 1802.090627 1800.811923 1801.645745 1800.941787 1804.221407 1804.607041 1804.485011 1804.665620 1801.903064 1802.494887 1797.418826 1795.483974 1793.589505 1794.634514 1792.342885 1785.500000 1784.600000 1784.400000 1782.900000 1780.700000 1779.400000 1775.900000 1773.300000 1774.300000 1777.800000 1777.600000 1776.500000 1774.800000 1773.400000 1769.000000 1765.000000 1762.500000 1761.200000 1759.000000 1756.400000 1755.600000 1754.700000 1753.100000 1752.400000 1751.700000
1818.203898 1816.789800 1811.939935 1810.487932 1809.755724 1809.215088 1808.563096 1807.950715 1807.166924 1806.124015 1808.056052 1805.692349 1800.671218 1799.805221 1800.688831 1800.416816 1799.820373 1798.298378 1798.722134 1800.966397 1800.478589 1802.497465 1800.693936 1802.614609 1798.793858 1795.142870 1792.579916 1792.513795 1792.016580 1790.150088 1784.162973 1780.200000 1779.400000 1776.800000 1774.600000 1773.000000 1770.900000 1771.100000 1773.500000 1773.100000 1774.200000 1773.900000 1772.800000 1770.700000 1764.700000 1761.800000 1760.000000 1758.500000 1756.600000 1756.300000 1754.500000 1752.500000 1750.500000 1749.900000
1817.284709 1816.172658 1814.546248 1809.787166 1809.205476 1808.102143 1807.212685 1807.140801 1804.946939 1803.676706 1807.090219 1804.839020 1799.775932 1799.805187 1799.878293 1799.969340 1799.482410 1797.479834 1797.642177 1798.218408 1799.248983 1801.718777 1801.425884 1799.042802 1798.647394 1794.562500 1789.641996 1791.659601 1790.292994 1789.640531 1784.377819 1774.600000 1773.100000 1773.200000 1773.200000 1769.800000 1769.100000 1768.100000 1767.500000 1766.900000 1771.100000 1771.600000 1771.300000 1768.600000 1762.600000 1759.900000 1759.700000 1758.100000 1756.300000 1755.300000 1753.500000 1751.900000 1750.500000 1748.200000
1812.263502 1812.432077 1812.121215 1812.121215 1806.110086 1805.097438 1804.022308 1804.287821 1803.605188 1801.264173 1801.465194 1804.460109 1803.461982 1800.344914 1799.782102 1799.141848 1798.137276 1798.053606 1795.715928 1795.470304 1798.413201 1796.052220 1797.856582 1796.483885 1797.149630 1794.277738 1787.353962 1789.228504 1789.681431 1789.135302 1785.379099 1775.100000 1773.000000 1772.500000 1772.300000 1770.200000 1767.100000 1766.900000 1764.600000 1765.000000 1768.200000 1768.300000 1765.000000 1763.000000 1762.500000 1760.800000 1758.900000 1757.600000 1755.100000 1753.000000 1751.100000 1751.300000 1750.200000 1749.000000
1809.618884 1805.505954 1807.202848 1808.486140 1803.765398 1803.265663 1803.558699 1801.766818 1800.536959 1800.210072 1798.960801 1799.671742 1798.652322 1803.002651 1802.672223 1798.648200 1797.062031 1796.783960 1795.435108 1793.823895 1793.505128 1795.607919 1797.063814 1797.298126 1794.948148 1793.472613 1785.323774 1784.739826 1787.725077 1785.297335 1785.057242 1776.200000 1771.500000 1772.200000 1771.900000 1770.100000 1767.600000 1765.000000 1762.800000 1763.300000 1763.300000 1763.400000 1762.900000 1760.800000 1760.600000 1760.200000 1758.100000 1756.600000 1755.200000 1752.900000 1750.200000 1750.200000 1750.000000 1748.500000
1808.471112 1807.402254 1805.843502 1802.764285 1802.080712 1801.521658 1801.422646 1801.380776 1800.044106 1799.325049 1798.304376 1797.920552 1796.389015 1801.382127 1800.206006 1796.181374 1796.232542 1795.875453 1793.587037 1793.498848 1791.738346 1791.378066 1789.806581 1791.720929 1793.029483 1787.334105 1783.920449 1783.920449 1786.986908 1784.615583 1778.400000 1776.900000 1771.700000 1768.600000 1770.000000 1768.300000 1766.500000 1764.900000 1762.300000 1760.400000 1760.800000 1760.800000 1761.500000 1760.100000 1758.200000 1757.200000 1756.300000 1755.900000 1753.700000 1752.000000 1750.000000 1748.500000 1749.500000 1747.300000
