cfamo/data/2006/output_2006_000000016000_Morphology.asc
ncols		517
nrows		378
xllcorner	499547.500000
yllcorner	4174982.500000
cellsize	10.000000
NODATA_value	0.000000
[rows 288 to 311 of 378, columns 162 to 215 of 517]
2580.100000 2575.900000 2570.000000 2562.200000 2553.600000 2544.500000 2535.700000 2529.300000 2523.100000 2517.000000 2511.800000 2508.300000 2510.400000 2505.500000 2496.100000 2491.400000 2487.100000 2483.400000 2479.800000 2476.700000 2472.200000 2463.100000 2456.300000 2449.100000 2442.800000 2436.200000 2428.900000 2421.800000 2415.700000 2408.600000 2400.500000 2392.600000 2385.300000 2381.100000 2371.500000 2362.800000 2355.700000 2348.800000 2341.700000 2334.900000 2328.100000 2321.500000 2315.100000 2308.700000 2302.500000 2296.500000 2291.000000 2285.700000 2280.500000 2275.600000 2270.700000 2266.500000 2261.600000 2257.600000
2575.900000 2571.100000 2565.000000 2559.600000 2554.500000 2541.800000 2533.800000 2526.500000 2519.700000 2513.200000 2507.500000 2502.200000 2499.200000 2501.500000 2491.800000 2486.000000 2480.800000 2477.500000 2473.500000 2470.300000 2467.000000 2462.100000 2452.500000 2445.500000 2437.100000 2435.000000 2428.400000 2420.300000 2412.600000 2406.200000 2400.500000 2395.900000 2393.100000 2395.100000 2389.900000 2362.500000 2353.000000 2346.100000 2339.700000 2333.000000 2326.000000 2319.500000 2312.900000 2306.500000 2300.200000 2294.000000 2288.400000 2282.900000 2277.500000 2272.300000 2267.600000 2262.100000 2258.000000 2253.600000
2571.700000 2566.100000 2560.800000 2555.300000 2550.400000 2544.100000 2533.800000 2525.300000 2519.000000 2509.500000 2503.500000 2498.100000 2492.800000 2488.800000 2485.900000 2481.200000 2475.900000 2471.200000 2467.300000 2463.700000 2460.600000 2457.600000 2451.900000 2443.700000 2437.500000 2427.500000 2420.200000 2419.200000 2410.900000 2404.300000 2395.600000 2391.100000 2391.300000 2397.900000 2396.300000 2367.000000 2349.700000 2341.800000 2336.100000 2330.100000 2323.600000 2317.100000 2310.800000 2304.300000 2298.000000 2291.600000 2285.600000 2280.100000 2274.400000 2269.100000 2264.300000 2259.200000 2254.200000 2249.200000
2567.400000 2562.500000 2556.600000 2551.200000 2545.100000 2539.500000 2531.900000 2525.600000 2515.900000 2508.100000 2500.400000 2493.800000 2488.200000 2483.000000 2478.800000 2475.700000 2471.100000 2466.700000 2461.400000 2456.400000 2453.500000 2451.000000 2448.100000 2441.500000 2431.200000 2424.900000 2414.900000 2408.700000 2403.600000 2398.200000 2390.000000 2383.100000 2378.200000 2379.700000 2391.600000 2380.600000 2343.800000 2337.600000 2331.700000 2326.100000 2320.000000 2314.100000 2307.800000 2302.200000 2296.800000 2289.100000 2283.000000 2277.200000 2271.800000 2266.100000 2260.900000 2255.800000 2250.600000 2246.100000
2563.900000 2557.800000 2553.600000 2547.300000 2541.500000 2535.100000 2528.300000 2521.300000 2512.900000 2506.100000 2499.000000 2491.100000 2484.300000 2478.500000 2473.100000 2468.100000 2463.300000 2460.600000 2457.900000 2450.800000 2446.600000 2443.400000 2442.100000 2438.100000 2425.600000 2419.800000 2413.000000 2404.300000 2398.200000 2393.900000 2391.000000 2379.000000 2371.300000 2364.800000 2370.000000 2350.500000 2338.200000 2332.900000 2327.100000 2321.500000 2316.000000 2310.200000 2304.500000 2298.300000 2292.400000 2286.100000 2280.100000 2274.300000 2268.700000 2263.400000 2258.000000 2252.700000 2247.900000 2242.800000
2561.500000 2555.300000 2548.300000 2542.600000 2538.000000 2532.700000 2524.900000 2517.600000 2509.600000 2502.700000 2496.600000 2490.300000 2482.300000 2475.000000 2468.800000 2463.400000 2458.200000 2454.000000 2454.200000 2444.700000 2439.800000 2436.000000 2434.200000 2432.700000 2424.000000 2414.200000 2409.200000 2402.700000 2393.200000 2388.100000 2386.300000 2379.600000 2366.400000 2359.000000 2351.500000 2342.500000 2334.600000 2328.200000 2322.800000 2317.100000 2311.700000 2306.200000 2300.500000 2294.700000 2288.900000 2283.000000 2277.100000 2271.100000 2266.000000 2260.600000 2255.000000 2249.500000 2244.400000 2239.400000
2558.100000 2552.500000 2546.900000 2539.900000 2532.400000 2527.000000 2522.100000 2515.700000 2509.200000 2502.100000 2494.600000 2487.700000 2482.100000 2476.700000 2466.400000 2459.600000 2453.900000 2448.600000 2443.700000 2438.700000 2434.800000 2428.800000 2426.400000 2425.800000 2423.500000 2411.800000 2402.500000 2397.100000 2390.700000 2382.700000 2377.900000 2370.800000 2363.800000 2356.800000 2345.700000 2336.200000 2330.300000 2324.600000 2318.900000 2313.100000 2307.500000 2302.000000 2296.500000 2291.000000 2285.300000 2279.700000 2274.000000 2268.200000 2262.300000 2257.000000 2251.700000 2246.300000 2241.300000 2236.200000
2556.000000 2549.900000 2543.800000 2538.300000 2531.700000 2524.200000 2516.800000 2510.800000 2505.000000 2499.500000 2494.600000 2488.300000 2479.400000 2471.100000 2464.500000 2457.800000 2451.600000 2444.900000 2439.200000 2433.600000 2428.600000 2423.100000 2418.200000 2416.900000 2417.000000 2414.300000 2401.000000 2391.400000 2384.500000 2377.900000 2372.700000 2367.500000 2360.000000 2354.600000 2349.400000 2336.000000 2327.200000 2321.200000 2315.300000 2309.700000 2303.800000 2298.300000 2292.800000 2287.000000 2281.500000 2276.000000 2270.600000 2265.000000 2259.300000 2253.700000 2248.500000 2244.100000 2237.700000 2232.800000
2555.100000 2548.500000 2542.100000 2535.600000 2528.800000 2522.500000 2516.300000 2507.400000 2501.100000 2495.100000 2490.500000 2482.300000 2476.300000 2472.200000 2463.800000 2456.300000 2449.900000 2443.000000 2436.800000 2430.900000 2424.600000 2418.600000 2412.600000 2408.600000 2404.300000 2402.800000 2397.400000 2389.300000 2381.500000 2374.200000 2368.300000 2363.200000 2357.500000 2350.700000 2345.400000 2341.000000 2327.700000 2318.100000 2312.400000 2306.400000 2300.600000 2294.700000 2289.000000 2283.400000 2277.700000 2272.100000 2266.800000 2261.300000 2255.800000 2250.300000 2244.900000 2239.800000 2234.600000 2229.400000
2554.200000 2548.500000 2542.000000 2535.200000 2528.500000 2522.000000 2515.300000 2506.300000 2499.600000 2493.200000 2486.800000 2480.200000 2473.800000 2467.600000 2461.100000 2454.300000 2447.500000 2441.200000 2435.300000 2429.000000 2422.700000 2416.500000 2409.900000 2404.000000 2397.800000 2391.900000 2387.800000 2384.400000 2382.400000 2372.800000 2364.200000 2358.300000 2353.800000 2348.700000 2341.600000 2335.800000 2331.300000 2318.200000 2309.300000 2303.500000 2297.700000 2291.800000 2285.900000 2280.100000 2274.500000 2268.700000 2263.200000 2257.700000 2252.300000 2246.900000 2241.500000 2236.400000 2231.500000 2226.200000
2551.000000 2545.300000 2540.900000 2537.000000 2531.100000 2523.300000 2517.000000 2509.100000 2504.300000 2492.500000 2485.200000 2478.800000 2472.500000 2466.000000 2459.400000 2452.900000 2446.600000 2440.200000 2433.900000 2427.400000 2421.000000 2414.900000 2408.600000 2402.700000 2395.600000 2389.300000 2382.800000 2377.100000 2373.400000 2366.200000 2359.600000 2353.400000 2348.200000 2344.700000 2338.500000 2332.900000 2326.200000 2314.200000 2307.600000 2300.800000 2294.900000 2289.000000 2283.200000 2277.400000 2271.400000 2265.700000 2260.000000 2254.300000 2248.800000 2243.500000 2238.100000 2232.800000 2228.000000 2222.900000
2548.300000 2541.900000 2536.700000 2533.100000 2529.600000 2526.700000 2521.200000 2513.900000 2504.200000 2497.400000 2484.600000 2477.600000 2470.600000 2464.300000 2458.200000 2451.600000 2445.300000 2438.700000 2432.200000 2426.000000 2419.900000 2413.400000 2407.300000 2400.400000 2393.900000 2387.500000 2380.900000 2374.500000 2368.100000 2361.900000 2355.300000 2348.900000 2343.000000 2337.800000 2334.300000 2327.900000 2321.000000 2322.700000 2304.800000 2298.300000 2292.000000 2286.000000 2280.300000 2274.500000 2268.700000 2262.900000 2257.100000 2251.400000 2245.800000 2240.200000 2234.900000 2229.400000 2224.600000 2219.600000
2545.500000 2540.300000 2533.300000 2528.900000 2525.700000 2521.100000 2515.900000 2512.700000 2506.200000 2490.300000 2482.400000 2475.500000 2469.000000 2461.700000 2455.700000 2450.200000 2445.100000 2440.000000 2432.000000 2424.800000 2418.100000 2411.600000 2406.200000 2398.800000 2392.900000 2386.500000 2379.900000 2373.500000 2367.000000 2359.900000 2353.600000 2347.500000 2340.900000 2335.000000 2328.700000 2321.900000 2315.600000 2308.800000 2303.800000 2295.700000 2289.300000 2283.200000 2277.400000 2271.600000 2265.900000 2260.200000 2254.400000 2248.800000 2243.000000 2237.400000 2231.900000 2226.400000 2221.100000 2216.000000
2544.700000 2535.200000 2528.000000 2524.000000 2520.700000 2518.200000 2512.700000 2505.000000 2499.900000 2488.100000 2480.500000 2473.300000 2466.400000 2459.500000 2452.800000 2446.600000 2440.800000 2435.200000 2430.100000 2425.000000 2419.200000 2412.200000 2404.900000 2397.700000 2391.300000 2384.900000 2378.600000 2372.100000 2365.200000 2359.100000 2352.200000 2345.800000 2339.200000 2333.400000 2327.200000 2321.000000 2314.300000 2307.800000 2301.600000 2294.800000 2288.600000 2282.100000 2276.300000 2270.000000 2264.000000 2257.700000 2251.600000 2246.000000 2240.500000 2234.900000 2229.200000 2223.600000 2218.100000 2212.900000
2540.000000 2532.700000 2523.300000 2518.800000 2515.600000 2512.800000 2512.300000 2510.600000 2500.100000 2487.900000 2478.900000 2472.000000 2464.900000 2457.900000 2450.700000 2444.200000 2437.800000 2431.800000 2426.100000 2420.600000 2415.500000 2410.900000 2405.500000 2398.500000 2391.700000 2384.000000 2377.000000 2370.600000 2363.500000 2357.100000 2350.200000 2343.600000 2337.400000 2331.500000 2325.000000 2318.600000 2312.700000 2306.100000 2299.700000 2293.600000 2287.900000 2281.200000 2275.200000 2269.100000 2262.700000 2256.500000 2249.600000 2244.300000 2237.800000 2232.100000 2226.600000 2221.000000 2215.500000 2210.100000
2529.600000 2523.700000 2518.400000 2514.600000 2510.400000 2507.300000 2505.700000 2504.700000 2500.600000 2497.900000 2479.400000 2471.200000 2463.800000 2456.700000 2449.700000 2442.600000 2435.800000 2429.300000 2423.300000 2417.600000 2412.300000 2406.500000 2401.600000 2398.000000 2392.300000 2384.300000 2377.100000 2369.700000 2362.800000 2356.100000 2349.500000 2342.500000 2335.600000 2329.400000 2323.200000 2316.800000 2310.900000 2304.800000 2298.300000 2292.000000 2286.400000 2280.100000 2273.500000 2267.000000 2261.100000 2254.300000 2248.300000 2242.100000 2236.200000 2230.100000 2224.300000 2218.500000 2212.800000 2207.300000
2525.900000 2520.300000 2514.700000 2509.800000 2505.500000 2502.200000 2498.700000 2494.400000 2491.900000 2490.300000 2485.400000 2472.900000 2462.600000 2455.700000 2448.400000 2441.300000 2434.100000 2427.300000 2421.000000 2414.900000 2409.200000 2403.700000 2398.200000 2392.700000 2388.300000 2383.500000 2376.000000 2369.500000 2362.600000 2356.000000 2349.700000 2342.800000 2335.200000 2327.400000 2321.000000 2314.400000 2308.900000 2302.800000 2296.500000 2290.300000 2284.000000 2278.200000 2272.700000 2264.800000 2259.100000 2253.700000 2247.200000 2240.500000 2234.600000 2228.800000 2222.500000 2216.400000 2211.000000 2204.700000
2520.000000 2516.400000 2511.600000 2506.700000 2501.400000 2497.300000 2494.100000 2490.100000 2486.500000 2483.400000 2480.800000 2472.800000 2462.600000 2454.700000 2447.400000 2440.300000 2433.100000 2426.100000 2419.400000 2412.900000 2406.700000 2400.800000 2395.400000 2389.700000 2384.300000 2379.200000 2373.700000 2367.700000 2361.100000 2354.800000 2347.600000 2340.500000 2333.900000 2326.700000 2319.500000 2312.600000 2305.900000 2300.200000 2294.200000 2288.000000 2282.200000 2275.400000 2270.300000 2263.400000 2258.100000 2251.600000 2245.700000 2239.500000 2232.900000 2227.000000 2221.400000 2213.900000 2208.400000 2202.600000
2517.400000 2514.100000 2509.400000 2503.000000 2497.700000 2493.100000 2489.400000 2485.800000 2482.100000 2479.900000 2478.200000 2475.500000 2469.500000 2456.300000 2447.300000 2439.100000 2431.700000 2425.000000 2418.100000 2411.600000 2405.000000 2398.800000 2392.900000 2387.100000 2381.100000 2376.400000 2370.300000 2364.300000 2359.200000 2353.000000 2347.000000 2340.800000 2333.200000 2326.300000 2319.400000 2312.000000 2304.800000 2298.000000 2291.300000 2284.800000 2279.600000 2273.200000 2267.500000 2261.300000 2255.900000 2249.100000 2243.500000 2237.600000 2231.100000 2225.300000 2218.900000 2213.400000 2207.300000 2200.500000
2516.800000 2509.600000 2505.500000 2498.700000 2494.200000 2489.300000 2485.200000 2481.200000 2477.800000 2475.000000 2473.400000 2472.500000 2466.900000 2461.600000 2450.500000 2441.500000 2430.000000 2423.100000 2416.700000 2410.300000 2403.700000 2397.600000 2391.400000 2385.100000 2379.000000 2373.300000 2368.000000 2362.000000 2355.500000 2349.400000 2343.200000 2337.600000 2331.700000 2325.400000 2318.400000 2311.200000 2304.500000 2297.300000 2290.100000 2283.000000 2276.800000 2270.800000 2265.100000 2259.200000 2253.100000 2247.500000 2240.800000 2235.400000 2229.400000 2223.100000 2217.700000 2211.300000 2205.700000 2199.800000
2514.500000 2507.100000 2502.000000 2495.800000 2491.000000 2486.000000 2481.400000 2477.200000 2473.500000 2470.800000 2469.100000 2466.000000 2460.500000 2455.400000 2451.000000 2443.300000 2429.600000 2422.600000 2416.000000 2409.400000 2402.900000 2396.600000 2390.300000 2383.900000 2377.700000 2371.400000 2365.600000 2359.800000 2354.000000 2347.400000 2341.400000 2334.600000 2328.400000 2321.900000 2315.500000 2309.400000 2302.800000 2296.100000 2289.300000 2282.600000 2276.000000 2268.900000 2262.900000 2257.000000 2250.500000 2245.000000 2238.600000 2232.800000 2226.900000 2220.700000 2215.000000 2209.000000 2203.500000 2197.600000
2510.400000 2503.700000 2499.400000 2492.400000 2487.900000 2482.800000 2478.000000 2473.400000 2469.400000 2466.800000 2465.100000 2463.600000 2458.100000 2451.800000 2447.400000 2443.500000 2433.100000 2424.400000 2417.300000 2410.200000 2403.200000 2396.600000 2390.300000 2383.700000 2376.800000 2370.500000 2364.200000 2358.100000 2352.400000 2346.700000 2340.600000 2333.900000 2327.500000 2320.700000 2314.000000 2306.900000 2300.200000 2293.200000 2286.700000 2280.000000 2273.300000 2267.400000 2261.200000 2254.500000 2248.500000 2242.400000 2236.400000 2230.200000 2224.400000 2218.900000 2212.600000 2206.500000 2200.800000 2194.600000
2507.200000 2500.400000 2495.400000 2490.600000 2484.400000 2479.300000 2474.500000 2470.100000 2465.900000 2462.900000 2460.800000 2461.600000 2455.400000 2449.500000 2443.700000 2439.900000 2438.900000 2427.800000 2420.500000 2412.000000 2404.400000 2397.300000 2390.200000 2383.400000 2376.500000 2370.100000 2364.100000 2357.800000 2351.900000 2346.100000 2340.200000 2334.400000 2329.000000 2323.200000 2316.400000 2310.000000 2302.000000 2294.400000 2287.600000 2280.100000 2273.400000 2266.400000 2259.900000 2253.200000 2246.600000 2240.400000 2234.900000 2228.000000 2222.400000 2216.100000 2210.100000 2204.200000 2198.400000 2192.500000
2506.400000 2498.900000 2491.600000 2486.100000 2480.300000 2476.200000 2470.800000 2466.400000 2462.500000 2459.400000 2456.800000 2455.900000 2451.500000 2445.300000 2440.000000 2435.000000 2433.300000 2434.900000 2423.200000 2415.600000 2405.700000 2397.700000 2390.800000 2384.000000 2376.400000 2369.500000 2362.900000 2356.500000 2350.700000 2344.800000 2339.400000 2333.700000 2328.300000 2323.100000 2316.900000 2310.500000 2302.100000 2295.500000 2289.100000 2282.000000 2275.400000 2268.200000 2261.100000 2253.200000 2246.300000 2239.700000 2232.500000 2226.500000 2220.300000 2214.200000 2208.200000 2202.000000 2196.300000 2189.900000
