cfamo/data/2006/output_2006_000000016000_Morphology.asc
ncols		517
nrows		378
xllcorner	499547.500000
yllcorner	4174982.500000
cellsize	10.000000
NODATA_value	0.000000
[rows 216 to 239 of 378, columns 324 to 377 of 517]
1932.200000 1927.500000 1925.000000 1923.400000 1920.400000 1918.100000 1914.800000 1913.300000 1911.500000 1909.300000 1907.800000 1906.900000 1905.900000 1902.600000 1900.200000 1898.700000 1896.200000 1892.600000 1890.200000 1888.900000 1887.100000 1885.200000 1882.700000 1880.600000 1878.000000 1875.400000 1873.500000 1870.200000 1867.900000 1865.800000 1863.700000 1862.000000 1859.900000 1855.700000 1852.700000 1852.100000 1850.200000 1848.400000 1851.553964 1850.613100 1845.927242 1843.837187 1841.359662 1841.602417 1841.416900 1842.374889 1843.181088 1841.289968 1841.166870 1842.633621 1833.885860 1831.447230 1831.254898 1828.811000
1931.400000 1929.100000 1925.800000 1923.000000 1919.800000 1917.500000 1914.700000 1912.900000 1911.300000 1909.700000 1908.700000 1907.500000 1904.600000 1901.800000 1900.000000 1898.600000 1896.800000 1894.500000 1890.700000 1887.700000 1886.100000 1884.000000 1882.200000 1880.500000 1878.100000 1875.000000 1871.900000 1868.000000 1865.900000 1864.200000 1862.000000 1859.900000 1857.700000 1854.700000 1852.400000 1849.800000 1849.100000 1847.100000 1844.600000 1849.059967 1845.217219 1843.660775 1841.859962 1839.457076 1839.922836 1839.680350 1845.183720 1840.140145 1839.893703 1837.695747 1831.828314 1828.590701 1828.910120 1827.243475
1933.400000 1928.400000 1925.300000 1922.700000 1920.000000 1917.600000 1915.100000 1913.000000 1911.700000 1910.200000 1908.200000 1905.900000 1903.800000 1901.500000 1899.500000 1897.600000 1896.300000 1894.500000 1891.600000 1888.500000 1885.700000 1883.600000 1883.000000 1880.900000 1877.600000 1873.500000 1870.200000 1867.700000 1865.700000 1861.800000 1858.800000 1857.700000 1856.000000 1853.100000 1851.300000 1849.100000 1846.000000 1845.000000 1842.600000 1847.174964 1847.438568 1841.047798 1838.908242 1838.965184 1836.889005 1836.915267 1837.374429 1838.426183 1838.911155 1834.916122 1831.828473 1828.646339 1826.974854 1826.079382
1937.200000 1930.900000 1926.000000 1925.200000 1923.100000 1917.400000 1915.200000 1913.300000 1911.400000 1910.200000 1908.300000 1906.900000 1904.700000 1901.400000 1899.500000 1897.800000 1895.800000 1894.300000 1892.100000 1888.600000 1885.600000 1884.200000 1883.300000 1880.500000 1876.400000 1872.300000 1869.100000 1866.600000 1864.500000 1861.400000 1857.700000 1856.400000 1854.200000 1851.600000 1849.500000 1846.800000 1845.500000 1843.100000 1841.552439 1843.240205 1845.098991 1840.145011 1837.898904 1837.554484 1835.615454 1834.657223 1835.275642 1837.473449 1840.209153 1833.753818 1832.236206 1829.262849 1827.252016 1825.594483
1937.500000 1932.600000 1929.300000 1927.600000 1924.800000 1917.800000 1915.200000 1913.100000 1911.200000 1909.600000 1908.000000 1906.700000 1904.800000 1902.800000 1899.100000 1896.800000 1895.300000 1892.900000 1891.900000 1890.000000 1886.700000 1884.500000 1882.300000 1879.000000 1875.900000 1871.600000 1868.300000 1864.300000 1862.500000 1860.400000 1857.200000 1853.800000 1851.700000 1850.000000 1848.200000 1846.700000 1845.100000 1843.600000 1840.100000 1842.011190 1843.469075 1839.071725 1836.884256 1835.585687 1834.891537 1834.657223 1834.995809 1834.444254 1834.695754 1837.505566 1835.930107 1828.106254 1825.727337 1824.921650
1938.500000 1935.400000 1932.200000 1928.900000 1925.900000 1919.800000 1915.600000 1913.700000 1911.700000 1910.100000 1907.800000 1905.200000 1903.300000 1901.400000 1900.400000 1895.800000 1894.300000 1893.000000 1892.000000 1889.700000 1886.100000 1884.600000 1882.400000 1878.900000 1876.100000 1872.600000 1868.000000 1865.300000 1863.300000 1860.200000 1856.500000 1853.000000 1849.000000 1848.100000 1845.300000 1845.000000 1844.200000 1842.300000 1838.200000 1841.718297 1842.132622 1838.876634 1837.392385 1834.273044 1832.594687 1832.914043 1833.067494 1833.252135 1833.783586 1833.623627 1830.525124 1827.694638 1826.968862 1826.732475
1938.900000 1937.400000 1932.200000 1928.500000 1927.200000 1924.400000 1918.600000 1914.200000 1910.900000 1907.200000 1903.900000 1901.900000 1900.500000 1899.500000 1897.600000 1896.300000 1894.900000 1893.300000 1891.200000 1889.100000 1886.600000 1885.000000 1883.200000 1880.600000 1877.200000 1873.600000 1869.100000 1865.200000 1863.200000 1860.600000 1856.900000 1852.100000 1848.700000 1847.300000 1846.300000 1845.800000 1844.200000 1841.700000 1837.100000 1838.741470 1841.627047 1841.445302 1837.886701 1835.147411 1833.370057 1832.575025 1832.676384 1832.094176 1831.405337 1830.937851 1829.992294 1826.194646 1825.873315 1826.389438
1937.200000 1937.500000 1934.100000 1930.300000 1925.900000 1922.400000 1920.300000 1917.800000 1914.600000 1910.500000 1904.100000 1902.100000 1899.500000 1898.000000 1897.400000 1896.800000 1894.900000 1892.700000 1891.000000 1889.100000 1886.500000 1883.900000 1882.400000 1880.700000 1877.700000 1875.600000 1872.300000 1866.200000 1862.700000 1859.400000 1855.200000 1851.300000 1847.400000 1847.000000 1846.500000 1844.400000 1842.100000 1840.300000 1837.100000 1835.300000 1838.755521 1840.029798 1840.081880 1836.117467 1834.205941 1832.186960 1831.642868 1831.441325 1831.300846 1830.790078 1828.953822 1826.292273 1825.205888 1824.813622
1937.000000 1936.000000 1934.900000 1932.900000 1928.500000 1924.400000 1921.400000 1917.300000 1913.800000 1910.700000 1906.500000 1905.100000 1903.900000 1900.300000 1898.400000 1896.600000 1894.500000 1891.900000 1890.800000 1888.500000 1886.400000 1883.900000 1883.100000 1882.200000 1879.900000 1875.800000 1871.400000 1866.400000 1862.500000 1859.500000 1855.400000 1851.600000 1848.400000 1847.000000 1845.400000 1843.300000 1840.700000 1839.300000 1837.300000 1835.000000 1833.300000 1836.492630 1838.513036 1838.659483 1833.648959 1832.886072 1832.226720 1830.406031 1830.209113 1829.729511 1828.573562 1826.069110 1823.723876 1822.109028
1936.900000 1934.900000 1934.300000 1931.400000 1929.200000 1927.700000 1923.300000 1918.500000 1915.700000 1914.400000 1909.500000 1905.100000 1902.700000 1901.400000 1899.700000 1895.600000 1894.100000 1893.200000 1890.800000 1888.200000 1886.700000 1885.100000 1884.200000 1882.800000 1879.600000 1876.000000 1871.700000 1867.200000 1862.900000 1859.200000 1855.800000 1852.800000 1849.900000 1848.200000 1845.900000 1843.400000 1841.200000 1838.900000 1836.300000 1834.500000 1833.200000 1834.696940 1836.864344 1834.116372 1837.183962 1837.183185 1832.604027 1830.330766 1829.098859 1828.912479 1828.398811 1825.832464 1823.305390 1821.283375
1940.200000 1937.100000 1934.300000 1931.200000 1928.100000 1925.900000 1924.300000 1922.500000 1920.400000 1916.700000 1912.800000 1909.800000 1904.200000 1902.100000 1900.700000 1900.100000 1898.500000 1896.200000 1891.400000 1888.700000 1887.100000 1884.800000 1883.700000 1882.300000 1880.200000 1876.300000 1871.400000 1868.700000 1864.600000 1859.600000 1856.700000 1853.900000 1851.200000 1848.500000 1846.300000 1844.100000 1840.900000 1838.500000 1835.900000 1833.600000 1832.200000 1834.619167 1836.787933 1836.864344 1833.978752 1836.135492 1835.261030 1834.850979 1828.965157 1828.038388 1828.356234 1830.724684 1823.177714 1821.235927
1941.800000 1939.400000 1935.800000 1932.700000 1928.300000 1924.700000 1923.300000 1921.400000 1920.400000 1916.500000 1913.500000 1910.700000 1906.200000 1903.300000 1901.300000 1900.700000 1900.300000 1898.100000 1892.000000 1889.300000 1887.900000 1886.300000 1883.300000 1882.000000 1878.500000 1874.000000 1871.400000 1870.500000 1865.600000 1861.200000 1857.800000 1855.600000 1854.900000 1853.500000 1851.200000 1848.100000 1845.000000 1842.100000 1839.000000 1835.600000 1832.200000 1834.531048 1834.355638 1836.223219 1836.135492 1834.008041 1835.107587 1833.585639 1831.977036 1827.386033 1826.970416 1826.622285 1828.462877 1822.016702
1942.800000 1938.700000 1935.400000 1931.900000 1928.600000 1925.700000 1921.900000 1918.400000 1916.100000 1914.200000 1912.000000 1909.400000 1906.100000 1904.000000 1902.100000 1901.300000 1900.000000 1897.100000 1892.600000 1890.900000 1889.100000 1886.000000 1883.000000 1881.200000 1878.100000 1875.900000 1873.700000 1871.500000 1869.000000 1865.700000 1862.400000 1859.000000 1855.900000 1853.900000 1851.300000 1848.000000 1845.500000 1844.700000 1843.500000 1840.500000 1836.500000 1830.900000 1832.423539 1831.879917 1835.254034 1835.107587 1832.371226 1833.761375 1831.075460 1826.293566 1826.022469 1825.171629 1823.828415 1822.416875
1940.300000 1935.800000 1933.300000 1930.500000 1927.500000 1925.000000 1922.900000 1921.100000 1919.100000 1916.200000 1915.200000 1911.500000 1907.600000 1907.000000 1905.000000 1901.700000 1899.900000 1897.200000 1893.200000 1890.800000 1889.300000 1886.900000 1884.800000 1881.700000 1879.400000 1877.100000 1874.400000 1872.100000 1869.200000 1865.800000 1862.100000 1857.600000 1854.900000 1852.500000 1850.100000 1846.800000 1844.700000 1843.800000 1842.500000 1840.900000 1838.200000 1833.900000 1830.000000 1828.500000 1828.100000 1834.024979 1833.761375 1830.076393 1827.556748 1825.160592 1824.179986 1828.387188 1822.872521 1821.797479
1937.500000 1932.700000 1928.500000 1926.000000 1925.800000 1924.300000 1921.500000 1919.900000 1917.400000 1915.300000 1913.800000 1911.400000 1908.800000 1907.700000 1905.300000 1902.800000 1901.700000 1899.700000 1898.200000 1894.800000 1892.400000 1891.000000 1889.300000 1887.300000 1885.000000 1882.500000 1879.100000 1875.500000 1872.900000 1866.300000 1862.600000 1859.700000 1857.100000 1855.000000 1852.200000 1849.200000 1846.400000 1843.900000 1841.600000 1839.700000 1838.000000 1835.800000 1833.300000 1830.800000 1828.500000 1826.700000 1832.011465 1831.747867 1830.255594 1828.126349 1823.745527 1822.134947 1824.623772 1820.280212
1937.100000 1932.700000 1929.700000 1929.700000 1926.400000 1925.200000 1923.600000 1922.200000 1920.100000 1916.900000 1914.800000 1912.600000 1910.800000 1909.100000 1908.600000 1907.700000 1906.200000 1905.400000 1904.200000 1901.900000 1899.900000 1898.600000 1896.900000 1894.100000 1891.600000 1888.800000 1885.500000 1880.900000 1875.600000 1870.500000 1866.300000 1862.100000 1857.800000 1853.900000 1850.600000 1847.100000 1842.100000 1840.400000 1840.200000 1838.500000 1836.900000 1835.400000 1833.400000 1832.200000 1829.800000 1827.900000 1825.400000 1828.089183 1827.226507 1826.601587 1825.824234 1821.756824 1820.182850 1822.782221
1941.100000 1936.800000 1934.800000 1931.700000 1929.100000 1927.000000 1924.300000 1923.500000 1920.800000 1917.000000 1915.700000 1913.700000 1913.600000 1911.300000 1910.600000 1909.900000 1908.200000 1905.800000 1904.300000 1902.800000 1899.700000 1898.700000 1897.300000 1894.400000 1891.400000 1888.600000 1885.900000 1882.600000 1875.600000 1871.400000 1868.200000 1865.400000 1862.100000 1858.800000 1854.800000 1850.100000 1845.200000 1840.700000 1836.000000 1833.600000 1833.600000 1833.000000 1832.800000 1831.600000 1829.900000 1828.000000 1825.400000 1823.000000 1821.100000 1825.428702 1824.869118 1823.564559 1819.793644 1818.199135
1941.300000 1938.800000 1936.000000 1933.600000 1930.100000 1928.200000 1926.000000 1924.100000 1922.800000 1919.900000 1916.900000 1914.000000 1912.100000 1910.500000 1909.400000 1908.300000 1906.200000 1904.200000 1904.500000 1903.200000 1897.500000 1898.100000 1896.200000 1894.500000 1892.700000 1889.600000 1886.200000 1881.200000 1874.700000 1870.400000 1866.600000 1863.400000 1860.200000 1857.800000 1854.800000 1852.400000 1848.600000 1843.300000 1839.000000 1836.600000 1834.200000 1832.700000 1829.800000 1828.900000 1828.500000 1827.800000 1827.500000 1825.000000 1819.600000 1819.705952 1823.104293 1822.917951 1821.783465 1817.550607
1940.800000 1938.600000 1936.000000 1933.200000 1930.400000 1928.300000 1924.700000 1922.200000 1920.400000 1917.800000 1916.000000 1914.400000 1912.000000 1911.600000 1911.000000 1909.800000 1908.500000 1906.000000 1904.100000 1903.600000 1900.800000 1899.400000 1896.800000 1893.500000 1889.600000 1885.200000 1881.400000 1877.400000 1873.500000 1871.000000 1868.200000 1864.500000 1861.000000 1857.800000 1854.500000 1851.600000 1848.400000 1844.900000 1839.900000 1836.600000 1833.600000 1831.700000 1829.000000 1824.900000 1824.500000 1824.200000 1825.200000 1823.800000 1818.000000 1816.000000 1819.816163 1820.557899 1819.773241 1815.788396
1938.200000 1936.400000 1934.700000 1929.800000 1928.200000 1925.300000 1923.500000 1920.100000 1917.400000 1914.200000 1913.500000 1912.500000 1911.000000 1911.600000 1912.000000 1911.800000 1909.900000 1907.900000 1905.700000 1902.900000 1899.500000 1897.200000 1895.200000 1892.600000 1890.000000 1887.300000 1883.700000 1879.400000 1875.200000 1870.600000 1865.700000 1860.900000 1856.300000 1852.500000 1850.600000 1848.300000 1846.100000 1844.700000 1842.000000 1838.200000 1835.600000 1832.000000 1827.000000 1824.100000 1819.500000 1818.000000 1819.100000 1817.600000 1815.000000 1813.800000 1815.590889 1818.960586 1818.879481 1815.288402
1934.200000 1933.200000 1932.600000 1928.800000 1926.400000 1924.700000 1923.400000 1920.100000 1916.900000 1915.000000 1912.600000 1909.000000 1909.900000 1910.000000 1908.700000 1908.500000 1905.500000 1904.000000 1903.000000 1902.200000 1901.700000 1900.700000 1899.500000 1898.400000 1896.000000 1893.400000 1889.800000 1885.600000 1880.700000 1875.400000 1870.100000 1864.800000 1859.700000 1854.100000 1848.600000 1843.900000 1840.800000 1839.000000 1837.300000 1836.600000 1834.200000 1830.100000 1826.800000 1823.900000 1821.500000 1817.100000 1814.500000 1812.500000 1810.900000 1808.400000 1811.178828 1814.337481 1813.694067 1817.418785
1931.300000 1931.500000 1930.600000 1929.100000 1927.600000 1923.800000 1920.900000 1917.700000 1914.200000 1913.000000 1911.300000 1909.300000 1909.900000 1909.600000 1909.100000 1906.400000 1904.600000 1901.900000 1900.400000 1899.700000 1899.100000 1898.300000 1897.200000 1896.500000 1895.000000 1892.200000 1890.400000 1889.300000 1886.000000 1880.700000 1874.500000 1868.500000 1862.900000 1857.300000 1851.400000 1845.600000 1839.900000 1834.800000 1832.700000 1832.500000 1831.200000 1828.400000 1824.100000 1821.000000 1819.600000 1818.400000 1815.800000 1812.000000 1810.000000 1808.300000 1805.900000 1813.205727 1810.127569 1813.827105
1928.300000 1929.500000 1929.300000 1925.900000 1926.500000 1923.800000 1919.500000 1916.500000 1914.300000 1912.200000 1910.300000 1909.000000 1909.000000 1908.200000 1906.800000 1904.400000 1902.600000 1900.200000 1898.300000 1897.500000 1896.200000 1895.300000 1894.600000 1893.300000 1891.200000 1888.800000 1887.200000 1886.600000 1885.700000 1883.400000 1878.200000 1871.700000 1865.800000 1859.600000 1853.900000 1847.800000 1842.000000 1836.300000 1831.100000 1827.500000 1824.900000 1825.000000 1824.200000 1820.700000 1817.000000 1816.600000 1815.200000 1813.000000 1812.500000 1810.500000 1806.600000 1812.792666 1809.765520 1812.587641
1927.900000 1925.700000 1925.200000 1923.200000 1922.700000 1920.900000 1917.200000 1916.200000 1914.500000 1912.700000 1911.700000 1910.800000 1908.200000 1905.500000 1905.700000 1902.900000 1901.100000 1898.600000 1897.200000 1895.300000 1894.600000 1893.200000 1891.500000 1889.600000 1888.500000 1887.000000 1885.200000 1883.800000 1882.600000 1881.700000 1879.400000 1873.500000 1867.100000 1861.200000 1855.400000 1849.800000 1844.000000 1838.400000 1832.900000 1827.600000 1822.600000 1820.100000 1818.700000 1819.300000 1817.400000 1814.500000 1813.400000 1811.400000 1810.700000 1810.000000 1808.200000 1812.005703 1811.302759 1807.541809
