cfamo/data/2006/output_2006_000000016000_SolidifiedLavaThickness.asc
ncols		517
nrows		378
xllcorner	499547.500000
yllcorner	4174982.500000
cellsize	10.000000
NODATA_value	0.000000
[rows 140 to 167 of 378, columns 189 to 251 of 517]
2.069184 2.012845 2.370575 1.897301 1.188726 1.235013 1.149324 1.133695 3.158161 1.402232 1.944944 2.809617 3.208485 3.195338 2.936258 1.395933 3.167195 3.574392 1.394188 0.225977 0.000000 0.000000 0.000000 0.000000 0.000000 0.000000 0.000000 0.000000 0.000000 0.000000 0.000000 0.000000 0.000000 0.000000 0.000000 0.000000 0.000000 0.000000 0.000000 0.000000 0.000000 0.000000 0.000000 0.000000 0.000000 0.000000 0.000000 0.000000 0.000000 0.000000 0.000000 0.000000 0.000000 0.000000 0.000000 0.000000 0.000000 0.000000 0.000000 0.000000 0.000000 0.000000 0.000000
0.927979 0.917055 3.339045 4.901968 4.139040 4.345217 2.675959 1.490410 1.233595 3.564507 1.527453 1.535761 1.659540 3.518784 3.135603 3.733342 4.222123 2.668325 4.366708 4.241940 1.841366 0.480996 0.000000 0.000000 0.000000 0.000000 0.000000 0.000000 0.000000 0.000000 0.000000 0.000000 0.000000 0.000000 0.000000 0.000000 0.000000 0.000000 0.000000 0.000000 0.000000 0.000000 0.000000 0.000000 0.000000 0.000000 0.000000 0.000000 0.000000 0.000000 0.000000 0.000000 0.000000 0.000000 0.000000 0.000000 0.000000 0.000000 0.000000 0.000000 0.000000 0.000000 0.000000
5.126585 4.307935 3.634350 4.781492 0.000000 0.000000 0.000000 2.956187 3.984659 2.832369 1.707169 1.631637 1.525459 4.063405 1.221465 1.742956 2.252869 3.536788 3.249580 2.240323 4.914744 4.095808 1.828880 1.745925 0.000000 0.000000 0.000000 0.000000 0.000000 0.000000 0.000000 0.000000 0.000000 0.000000 0.000000 0.000000 0.000000 0.000000 0.000000 0.000000 0.000000 0.000000 0.000000 0.000000 0.000000 0.000000 0.000000 0.000000 0.000000 0.000000 0.000000 0.000000 0.000000 0.000000 0.000000 0.000000 0.000000 0.000000 0.000000 0.000000 0.000000 0.000000 0.000000
4.894686 3.852536 4.743540 2.164893 1.358938 0.864959 0.226046 0.000000 0.000000 4.532128 4.836712 4.534180 4.188864 4.032843 3.199446 4.683797 4.577049 2.166190 2.803732 3.142648 4.283353 3.369796 4.980980 4.531391 2.126651 2.136188 0.000000 0.000000 0.000000 0.000000 0.000000 0.000000 0.000000 0.000000 0.000000 0.000000 0.000000 0.000000 0.000000 0.000000 0.000000 0.000000 0.000000 0.000000 0.000000 0.000000 0.000000 0.000000 0.000000 0.000000 0.000000 0.000000 0.000000 0.000000 0.000000 0.000000 0.000000 0.000000 0.000000 0.000000 0.000000 0.000000 0.000000
3.557033 3.091252 5.396942 3.365299 1.778203 3.198772 3.529433 1.009772 0.639331 0.000000 0.000000 3.158584 3.998361 5.519963 4.470496 3.487879 4.038117 4.372098 2.089741 1.831501 1.792066 4.239004 4.135051 5.658763 1.057748 5.014007 1.521904 0.935560 0.000000 0.000000 0.000000 0.000000 0.000000 0.000000 0.000000 0.000000 0.000000 0.000000 0.000000 0.000000 0.000000 0.000000 0.000000 0.000000 0.000000 0.000000 0.000000 0.000000 0.000000 0.000000 0.000000 0.000000 0.000000 0.000000 0.000000 0.000000 0.000000 0.000000 0.000000 0.000000 0.000000 0.000000 0.000000
3.264527 4.617956 5.811542 3.990902 1.201196 1.057601 3.383925 3.432819 4.851925 3.095580 1.421799 0.000000 0.000000 0.000000 0.264165 4.295055 5.421085 0.638915 3.423417 3.136595 2.810071 2.121911 2.105731 3.626549 5.315295 1.378689 2.520446 4.100313 1.040480 0.000000 0.000000 0.000000 0.000000 0.000000 0.000000 0.000000 0.000000 0.000000 0.000000 0.000000 0.000000 0.000000 0.000000 0.000000 0.000000 0.000000 0.000000 0.000000 0.000000 0.000000 0.000000 0.000000 0.000000 0.000000 0.000000 0.000000 0.000000 0.000000 0.000000 0.000000 0.000000 0.000000 0.000000
4.548762 3.900835 6.044894 1.813527 2.385567 1.546111 1.292928 1.298467 2.988263 0.936671 5.452237 3.235301 0.106998 0.000000 0.000000 0.000000 0.000000 1.147009 5.215804 1.818708 5.184585 2.309657 2.538959 2.468063 3.828215 3.406484 2.435809 2.495060 2.143974 3.564960 0.090607 0.000000 0.000000 0.000000 0.000000 0.000000 0.000000 0.000000 0.000000 0.000000 0.000000 0.000000 0.000000 0.000000 0.000000 0.000000 0.000000 0.000000 0.000000 0.000000 0.000000 0.000000 0.000000 0.000000 0.000000 0.000000 0.000000 0.000000 0.000000 0.000000 0.000000 0.000000 0.000000
2.713614 4.252243 2.605865 5.217828 3.234968 1.783355 1.466819 1.411848 1.387031 3.174445 3.607920 3.639485 3.843017 0.902021 0.000000 0.000000 0.000000 0.000000 0.000000 2.560540 0.577822 4.216829 3.291097 2.112768 2.492185 3.311176 2.404569 3.956156 0.617739 1.517497 4.694350 0.823896 0.000000 0.000000 0.000000 0.000000 0.000000 0.000000 0.000000 0.000000 0.000000 0.000000 0.000000 0.000000 0.000000 0.000000 0.000000 0.000000 0.000000 0.000000 0.000000 0.000000 0.000000 0.000000 0.000000 0.000000 0.000000 0.000000 0.000000 0.000000 0.000000 0.000000 0.000000
1.884934 3.168083 3.233501 1.604117 4.207699 1.549791 1.998631 1.339873 1.260516 1.339115 3.242220 3.700917 1.102145 3.377211 4.292292 1.065528 0.000000 0.000000 0.000000 0.000000 2.914592 1.056022 2.975323 3.354713 4.654422 3.222699 2.153938 5.935169 2.313104 1.017396 0.872534 4.736158 0.648795 0.202310 0.000000 0.000000 0.000000 0.000000 0.000000 0.000000 0.000000 0.000000 0.000000 0.000000 0.000000 0.000000 0.000000 0.000000 0.000000 0.000000 0.000000 0.000000 0.000000 0.000000 0.000000 0.000000 0.000000 0.000000 0.000000 0.000000 0.000000 0.000000 0.000000
2.847199 3.567784 4.089526 5.089956 3.276918 4.847786 4.515933 0.964165 1.436361 1.334546 1.382034 3.508755 3.489323 1.790547 1.560980 4.428851 2.545672 2.877083 0.000000 0.000000 0.000000 3.948356 3.084614 0.821052 0.819867 1.136642 3.750406 3.832673 0.869741 1.817764 1.137671 1.845053 2.871427 4.517724 1.217129 0.000000 0.000000 0.000000 0.000000 0.000000 0.000000 0.000000 0.000000 0.000000 0.000000 0.000000 0.000000 0.000000 0.000000 0.000000 0.000000 0.000000 0.000000 0.000000 0.000000 0.000000 0.000000 0.000000 0.000000 0.000000 0.000000 0.000000 0.000000
4.407893 6.100738 3.531859 4.766465 4.139872 5.625642 5.733070 3.217965 2.869573 1.936786 1.417942 1.369996 3.269591 1.138316 2.174315 2.609890 1.546671 5.961998 2.633767 2.287769 0.000000 0.000000 4.201379 2.515098 0.776751 0.650735 0.895681 1.236196 1.159686 0.930467 2.005755 1.338516 1.373864 0.718773 1.465853 4.451030 0.414722 0.000000 0.000000 0.000000 0.000000 0.000000 0.000000 0.000000 0.000000 0.000000 0.000000 0.000000 0.000000 0.000000 0.000000 0.000000 0.000000 0.000000 0.000000 0.000000 0.000000 0.000000 0.000000 0.000000 0.000000 0.000000 0.000000
3.884863 4.627583 3.932199 2.957473 4.217226 3.504455 6.058073 4.818558 1.612360 1.379223 0.977899 1.658321 1.390907 3.138037 1.647135 1.811767 1.665918 4.293470 3.279239 5.071842 2.361344 2.730709 0.929011 4.811013 2.197419 3.254210 2.799046 0.783459 1.141742 1.162575 0.993238 2.143996 1.213963 1.323028 1.127930 2.620267 5.885710 0.035889 0.000000 0.000000 0.000000 0.000000 0.000000 0.000000 0.000000 0.000000 0.000000 0.000000 0.000000 0.000000 0.000000 0.000000 0.000000 0.000000 0.000000 0.000000 0.000000 0.000000 0.000000 0.000000 0.000000 0.000000 0.000000
1.688421 1.374163 1.303929 4.203135 2.793395 4.031594 4.990280 1.123351 1.564697 1.749014 1.961397 3.160506 2.708693 1.517612 3.072873 1.762522 2.249562 1.992551 1.599016 4.493928 5.097759 5.486280 4.930348 2.699626 6.006465 2.383467 2.175849 1.715358 2.739364 0.774497 0.951030 0.916381 2.030513 1.227897 1.447453 1.336665 0.943513 2.729658 3.514712 0.000000 0.000000 0.000000 0.000000 0.000000 0.000000 0.000000 0.000000 0.000000 0.000000 0.000000 0.000000 0.000000 0.000000 0.000000 0.000000 0.000000 0.000000 0.000000 0.000000 0.000000 0.000000 0.000000 0.000000
1.451867 1.911789 2.533093 2.601104 3.372525 5.928141 4.797309 0.757407 1.007611 1.301740 1.627370 2.429307 1.537553 0.917914 2.958899 1.038284 2.121486 1.822319 1.802384 1.965960 4.446444 3.780263 4.725206 1.555513 6.807467 5.664057 8.322845 1.515606 1.842345 2.015197 3.102229 0.700008 0.817601 1.669777 1.258557 1.368507 1.922827 2.074323 1.039481 5.480338 0.545788 0.000000 0.000000 0.000000 0.000000 0.000000 0.000000 0.000000 0.000000 0.000000 0.000000 0.000000 0.000000 0.000000 0.000000 0.000000 0.000000 0.000000 0.000000 0.000000 0.000000 0.000000 0.000000
2.236799 1.837866 1.845919 2.398850 2.593909 2.963226 2.049669 1.462824 3.037648 0.782044 1.128106 1.451003 2.082329 1.870086 1.405260 0.879320 3.173435 1.151055 2.797019 1.829623 1.995666 4.320074 4.104733 4.140414 1.963469 2.135989 7.146633 6.162226 2.378482 2.386897 2.061218 1.960194 0.646908 0.739634 1.718639 1.205368 1.170077 1.496247 2.299569 2.069645 2.884765 4.498207 0.346492 0.000000 0.000000 0.000000 0.000000 0.000000 0.000000 0.000000 0.000000 0.000000 0.000000 0.000000 0.000000 0.000000 0.000000 0.000000 0.000000 0.000000 0.000000 0.000000 0.000000
2.837885 1.786507 1.673300 1.850641 1.885699 2.240306 2.222499 2.125951 3.417575 1.442192 3.215252 0.925422 1.218234 1.531128 1.744957 1.680539 1.377537 0.971338 3.283529 1.769698 1.656900 1.709878 4.012502 4.613239 4.731100 1.547767 2.427953 2.332321 8.294981 7.387449 2.385570 1.652973 2.368271 2.844005 0.677633 1.291404 1.103465 0.939168 1.406702 1.902866 2.547113 1.991162 5.307257 2.194260 0.520428 0.000000 0.000000 0.000000 0.000000 0.000000 0.000000 0.000000 0.000000 0.000000 0.000000 0.000000 0.000000 0.000000 0.000000 0.000000 0.000000 0.000000 0.000000
3.412398 3.318722 3.066347 1.651496 1.453332 1.823742 2.080232 1.936433 1.913698 4.213994 1.582721 1.709513 0.897116 1.094083 1.314666 1.548917 1.669462 1.613922 1.622435 1.320366 3.499140 3.365843 2.329713 4.289027 4.029382 3.851746 1.342686 2.216659 3.388774 2.569330 7.840222 4.747948 2.315606 1.612269 1.515534 2.975705 0.953243 0.818121 0.816082 1.626654 1.765486 2.550291 2.614212 1.749527 4.845088 1.055246 0.164455 0.000000 0.000000 0.000000 0.000000 0.000000 0.000000 0.000000 0.000000 0.000000 0.000000 0.000000 0.000000 0.000000 0.000000 0.000000 0.000000
1.988965 2.393212 2.771311 2.609320 2.503308 1.582212 1.955327 1.921441 1.725208 1.599878 2.002558 1.523874 2.727286 2.167426 0.885264 1.166885 1.383088 1.484641 1.579745 1.840861 1.753597 0.965253 2.966632 3.412988 3.891719 4.659301 3.739105 1.496938 2.290555 2.989903 4.523854 8.636966 7.753157 8.228637 3.484704 1.563040 1.322207 0.779892 2.655522 2.136854 1.031171 1.493591 2.547427 2.287435 2.202300 3.412874 2.923799 1.916228 0.000000 0.000000 0.000000 0.000000 0.000000 0.000000 0.000000 0.000000 0.000000 0.000000 0.000000 0.000000 0.000000 0.000000 0.000000
1.836289 1.590673 1.561360 1.665372 1.886869 2.045477 1.726511 2.261080 1.785707 1.665333 1.824518 3.274308 3.830198 1.627247 1.941003 3.689707 1.860593 2.702218 1.379097 1.554149 1.771425 1.750309 1.409714 0.958870 2.641361 3.763481 4.242301 4.225064 1.308799 2.328083 2.989149 3.367291 4.077396 8.547507 6.895209 3.427504 1.371420 1.233692 1.047080 1.195830 1.896097 1.318192 1.046742 1.803497 1.733052 2.882467 2.014985 5.176856 2.417417 0.000000 0.000000 0.000000 0.000000 0.000000 0.000000 0.000000 0.000000 0.000000 0.000000 0.000000 0.000000 0.000000 0.000000
0.547426 3.526044 1.161526 1.231964 1.324962 1.728307 2.274066 1.814542 2.196103 2.088592 1.718052 1.808832 4.975038 3.941863 3.785706 3.520722 1.904074 1.665357 3.383266 1.003216 1.452053 1.666591 1.626744 1.579903 1.344228 3.741241 1.629224 2.840107 4.385325 2.030709 1.712070 2.266332 2.130159 4.311933 8.972904 7.581648 1.895132 2.101676 1.889785 2.545148 1.074691 2.283741 1.236723 1.067557 2.634417 2.864189 3.588551 4.038217 6.585184 3.339617 1.576387 0.000000 0.000000 0.000000 0.000000 0.000000 0.000000 0.000000 0.000000 0.000000 0.000000 0.000000 0.000000
0.692531 0.711242 3.867941 3.834573 3.843993 3.737629 1.278570 2.249010 2.014778 2.241305 2.783350 4.392402 2.609564 4.204762 4.184582 3.927838 3.341145 1.429076 1.604528 1.621189 3.206231 1.072029 1.470799 1.510474 1.768472 1.757842 1.040503 3.407755 1.789917 2.042825 3.231788 1.724527 2.437677 2.749392 5.348218 7.162815 8.048225 3.702759 2.617366 1.655483 2.312715 2.308868 2.671059 3.667668 3.269396 1.180172 2.177514 3.379797 3.837572 2.194132 6.109199 3.463874 0.000000 0.000000 0.000000 0.000000 0.000000 0.000000 0.000000 0.000000 0.000000 0.000000 0.000000
0.423661 0.736025 0.836271 2.263935 4.834744 1.895620 2.592992 1.279059 1.735338 2.020130 2.051372 2.141416 3.344736 4.620374 1.508864 4.929568 3.929167 3.637920 3.469893 1.288730 1.517148 1.678468 0.951976 1.459706 1.939694 1.808781 1.945018 1.520007 2.152140 1.775658 3.942893 1.659437 3.295613 1.697748 2.312537 5.544860 4.854816 7.982489 4.264390 2.698567 1.811187 2.187835 2.937437 1.552898 1.294005 1.593737 1.049695 1.535048 3.761540 3.950998 4.145695 6.853829 3.695091 2.598639 0.000000 0.000000 0.000000 0.000000 0.000000 0.000000 0.000000 0.000000 0.000000
1.196327 1.962278 0.551051 0.974697 1.024636 1.473989 4.985303 2.273602 2.744332 1.327277 1.579004 1.676635 1.781967 2.060023 3.403543 3.297484 4.290200 5.076271 3.406094 2.119245 3.406483 1.197514 1.532924 3.889224 1.281720 1.858883 1.964028 1.745776 1.521803 1.424019 1.968942 1.555461 2.025495 2.830129 1.623932 2.902531 5.652041 5.761269 8.702733 4.318888 1.682202 1.060460 3.843583 2.720010 1.821217 1.310358 1.467440 0.984791 2.924932 3.731020 4.078456 3.930851 2.676344 5.980583 3.411372 0.000000 0.000000 0.000000 0.000000 0.000000 0.000000 0.000000 0.000000
1.262447 6.970793 6.243825 5.629959 2.260853 0.668636 0.905476 2.279032 2.696732 4.460616 3.950186 2.400777 1.238345 1.585158 2.235240 3.240290 2.509253 4.262772 3.688199 1.567019 4.194373 2.129369 2.428925 1.470345 2.418784 1.136452 1.756403 2.094788 2.069700 1.673565 2.487106 3.206824 1.746227 2.803971 1.444364 3.750190 5.026235 5.119200 5.631539 7.798494 4.346375 1.581270 1.594276 2.558365 2.967679 2.054035 5.842224 1.026126 1.103129 3.744233 2.653966 3.275698 3.668797 3.569880 6.592054 3.166901 0.000000 0.000000 0.000000 0.000000 0.000000 0.000000 0.000000
5.048067 1.575617 6.999022 3.476671 1.427158 4.920254 1.695769 0.531345 0.784705 4.875283 1.865659 1.717447 4.179741 3.925589 4.364920 1.593603 2.750644 2.581397 4.634746 4.858489 2.265700 1.799668 1.489075 1.338443 2.181119 2.165114 4.006880 1.180499 1.942748 2.296928 1.922422 2.570521 2.165219 3.912687 4.122380 1.902158 1.455805 4.407864 5.292828 5.206321 7.341671 4.094904 2.182760 2.535768 3.299485 3.408779 6.183950 1.039234 4.450000 3.699473 1.819202 3.860680 2.934008 2.957913 3.148269 6.272242 3.157572 0.000000 0.000000 0.000000 0.000000 0.000000 0.000000
0.000000 3.983151 5.202083 4.342786 0.000000 0.000000 2.163459 5.593630 0.526606 0.804208 2.163955 3.874322 4.027728 4.969178 5.168957 4.953736 4.801114 1.815121 2.712343 4.589098 4.554778 2.210272 2.270487 3.068879 4.254021 1.501488 2.232803 2.531652 4.099876 1.238514 2.314409 1.997237 1.733711 1.629145 1.982763 2.191880 2.417147 2.847943 2.590174 4.450389 5.808912 6.373027 3.592050 2.856434 2.856998 3.419286 2.631596 5.068323 1.325334 2.804345 6.288147 2.061354 3.052579 2.677021 2.324221 2.993309 6.024213 3.252096 3.004924 0.000000 0.000000 0.000000 0.000000
0.000000 0.000000 3.085018 5.379059 0.000000 0.000000 0.000000 0.000000 3.181816 0.629005 1.114952 1.234047 1.240248 1.467926 3.906710 4.823095 4.778424 5.341459 4.833458 1.680632 4.729752 1.637753 4.359230 2.888178 2.353037 3.018019 4.459505 1.465464 2.270873 3.054713 4.257781 1.168692 1.414369 1.586084 1.597822 2.347639 3.415525 2.971163 3.434064 4.077899 2.659205 4.861683 6.241380 3.195402 3.260925 3.407844 2.157740 3.392628 6.709231 2.826524 2.392395 6.108607 1.209100 3.442066 2.064797 1.887404 3.025058 3.912784 5.815150 3.402760 0.000000 0.000000 0.000000
0.000000 0.000000 0.000000 0.000000 0.000000 0.000000 0.000000 0.000000 0.000000 2.097683 5.461078 0.724249 1.350526 1.415999 0.999591 0.738585 0.690587 0.634864 4.456108 4.773037 2.800398 3.178314 2.370295 4.386544 2.543977 3.297453 2.064466 3.328589 3.323786 2.370228 2.212608 2.665424 3.978045 1.231515 1.593824 1.503463 2.310899 3.503647 3.395669 3.009851 2.797690 4.668878 4.822413 4.709045 7.483172 3.058433 2.592215 2.741095 4.096630 4.541241 5.859252 4.063245 3.782410 1.486335 1.984082 1.891916 1.262593 2.208865 1.954368 5.240702 2.542304 1.684112 0.000000
