cfamo/data/2006/output_2006_000000016000_SolidifiedLavaThickness.asc
ncols		517
nrows		378
xllcorner	499547.500000
yllcorner	4174982.500000
cellsize	10.000000
NODATA_value	0.000000
[rows 168 to 195 of 378, columns 252 to 314 of 517]
2.535777 0.000000 0.000000 0.000000 0.000000 0.000000 0.000000 0.000000 0.000000 0.000000 0.000000 0.000000 0.000000 0.000000 0.000000 0.000000 0.000000 0.000000 0.000000 0.000000 0.000000 0.000000 0.000000 0.000000 0.000000 0.000000 0.000000 0.000000 0.000000 0.000000 0.000000 0.000000 0.000000 0.000000 0.000000 0.000000 0.000000 0.000000 0.000000 0.000000 0.000000 0.000000 0.000000 0.000000 0.000000 0.000000 0.000000 0.000000 0.000000 0.000000 0.000000 0.000000 0.000000 0.000000 0.000000 0.000000 0.000000 0.000000 0.000000 0.000000 0.000000 0.000000 0.000000
6.275599 3.462768 2.036288 1.285324 0.000000 0.000000 0.000000 0.000000 0.000000 0.000000 0.000000 0.000000 0.000000 0.000000 0.000000 0.000000 0.000000 0.000000 0.000000 0.000000 0.000000 0.000000 0.000000 0.000000 0.000000 0.000000 0.000000 0.000000 0.000000 0.000000 0.000000 0.000000 0.000000 0.000000 0.000000 0.000000 0.000000 0.000000 0.000000 0.000000 0.000000 0.000000 0.000000 0.000000 0.000000 0.000000 0.000000 0.000000 0.000000 0.000000 0.000000 0.000000 0.000000 0.000000 0.000000 0.000000 0.000000 0.000000 0.000000 0.000000 0.000000 0.000000 0.000000
3.026600 1.911248 2.601709 5.735557 3.383403 3.211232 0.000000 0.000000 0.000000 0.000000 0.000000 0.000000 0.000000 0.000000 0.000000 0.000000 0.000000 0.000000 0.000000 0.000000 0.000000 0.000000 0.000000 0.000000 0.000000 0.000000 0.000000 0.000000 0.000000 0.000000 0.000000 0.000000 0.000000 0.000000 0.000000 0.000000 0.000000 0.000000 0.000000 0.000000 0.000000 0.000000 0.000000 0.000000 0.000000 0.000000 0.000000 0.000000 0.000000 0.000000 0.000000 0.000000 0.000000 0.000000 0.000000 0.000000 0.000000 0.000000 0.000000 0.000000 0.000000 2.097589 0.000000
4.062628 1.656636 3.229742 5.437243 4.494184 6.278177 4.878083 0.000000 0.000000 0.000000 0.000000 0.000000 0.000000 0.000000 0.000000 0.000000 0.000000 0.000000 0.000000 0.000000 0.000000 0.000000 0.000000 0.000000 0.000000 0.000000 0.000000 0.000000 0.000000 0.000000 0.000000 0.000000 0.000000 0.000000 0.000000 0.000000 0.000000 0.000000 0.000000 0.000000 0.000000 0.000000 0.000000 0.000000 0.000000 0.000000 0.000000 0.000000 0.000000 0.000000 0.000000 0.000000 0.000000 0.000000 0.000000 0.000000 1.791630 1.974846 5.735897 6.341795 6.731541 6.015488 5.055950
2.006568 2.737984 3.633077 1.552802 3.412716 3.109518 7.105292 3.085922 3.600497 0.000000 0.000000 0.000000 0.000000 0.000000 0.000000 0.000000 0.000000 0.000000 0.000000 0.000000 0.000000 0.000000 0.000000 0.000000 0.000000 0.000000 0.000000 0.000000 0.000000 0.000000 0.000000 0.000000 0.000000 0.000000 0.000000 0.000000 0.000000 0.000000 0.000000 0.000000 0.000000 0.000000 0.000000 2.396145 4.158417 4.651649 4.203767 2.792482 0.000000 0.000000 0.000000 0.000000 0.000000 3.288867 4.828101 5.897799 6.287080 2.842924 2.174699 3.816823 3.716776 3.521940 3.155211
4.528481 2.704310 2.049062 3.066880 3.565319 2.458055 4.720089 3.811724 6.651970 4.325323 4.417959 0.000000 0.000000 0.000000 0.000000 0.000000 0.000000 0.000000 0.000000 0.000000 0.000000 0.000000 0.000000 0.000000 0.000000 0.000000 0.000000 0.000000 0.000000 0.000000 0.000000 0.000000 0.000000 0.000000 0.000000 2.325780 3.669259 4.782222 5.284804 4.428661 3.419580 3.640108 6.126275 4.839729 3.263191 3.194973 5.974058 5.005166 5.109934 5.362643 5.435809 5.467176 3.592630 1.357222 2.666696 2.488540 2.471814 3.349435 3.728507 3.742261 3.869723 3.705628 3.614382
2.022665 4.570987 3.805906 3.256508 2.814991 2.961963 5.157105 3.612806 4.812026 3.837790 7.133735 5.205713 4.110411 2.397516 0.000000 0.000000 0.000000 0.000000 0.000000 0.000000 0.000000 0.000000 0.000000 0.000000 0.000000 0.000000 0.000000 0.000000 0.000000 0.000000 0.000000 1.289225 3.730946 4.851338 5.933081 6.724187 3.436562 3.795650 3.992723 3.189319 2.170293 2.416504 3.651795 3.841904 3.172816 3.814625 3.453265 2.688127 2.370301 1.598321 1.567981 2.708064 2.647841 2.981497 2.888907 1.986527 1.947611 3.775418 3.536086 3.990248 3.580678 3.985326 2.790871
2.746468 1.676688 3.178485 3.290929 2.855580 3.228605 3.210315 5.903923 4.162817 5.232639 4.205624 2.437099 4.581915 5.296295 4.205373 5.467671 5.108913 0.000000 0.000000 0.000000 0.000000 0.000000 0.000000 0.000000 0.000000 0.000000 0.000000 0.000000 0.807124 4.928444 6.387627 3.070067 3.068605 3.136466 3.709879 3.755043 3.741120 3.653489 2.543192 2.633106 2.574309 2.004847 2.760666 2.139163 2.311982 3.290709 3.214901 2.768712 4.045212 3.119369 2.357229 1.812831 1.352841 1.420401 3.025538 3.787296 2.754279 2.225045 1.766776 2.919958 3.273643 3.114444 3.081052
2.406641 2.891038 2.684092 2.813932 4.869151 2.663974 2.729610 3.408718 5.712694 3.440332 4.547723 6.151446 4.861906 1.991379 3.137406 5.751142 7.892739 6.949750 7.641019 6.198128 0.000000 0.000000 0.000000 0.000000 0.000000 0.000000 1.932889 5.947140 1.091293 3.020313 2.578612 1.557964 1.110134 1.358677 1.291410 1.765877 2.617823 1.371615 0.987868 1.941241 2.518641 3.371982 3.514314 3.209985 3.027186 1.814861 3.260520 2.916430 3.018667 1.351735 1.079082 0.993048 1.998293 1.856045 2.312142 3.997866 3.809076 3.753867 3.646942 3.202976 2.485798 2.586791 2.771960
4.220389 2.640253 4.233520 2.167722 3.235175 4.983695 3.309749 2.409810 3.568960 5.118298 4.362797 3.561390 4.096498 3.378052 3.329001 4.295811 4.505621 7.323188 8.575676 5.081202 0.000000 0.000000 0.000000 3.180862 5.914315 7.190579 0.709800 2.756379 2.035371 3.283954 1.091049 0.798460 0.922068 1.070888 2.440621 2.841288 2.474596 2.811603 2.528545 2.660756 3.346782 3.437432 3.089876 1.894460 3.369559 3.158996 2.978096 1.389267 2.535622 1.778088 1.990776 1.380611 3.281564 3.209616 3.296249 2.047384 2.873721 2.672412 3.661597 3.362963 3.034222 1.436914 3.213917
6.336724 3.932077 6.365314 3.549295 3.248957 2.761351 3.488241 5.381718 4.885928 4.312207 4.885964 2.019517 1.706397 2.040651 1.968083 3.557051 4.430998 5.382196 9.756392 6.307812 5.728140 6.192986 7.223708 3.408301 3.217664 1.537804 2.447656 1.931001 1.616871 1.090254 2.028209 2.585589 3.451035 2.793730 2.046872 2.506042 2.657245 3.255375 2.384141 1.783117 2.920891 1.764962 3.076409 1.755562 1.619792 2.153135 2.756763 2.881436 1.644447 1.679929 0.866791 2.085395 3.190943 3.063109 2.341807 1.726074 2.215332 2.494853 3.614267 3.423804 2.647262 5.490427 4.852145
5.102202 5.191466 2.542610 4.181906 3.896872 4.062946 2.498789 4.702036 3.968094 4.839481 5.362147 2.856613 4.127312 3.373545 3.000482 2.640075 2.306460 3.349631 4.623663 4.241039 4.163387 3.016736 1.329617 1.094350 1.010331 1.517479 1.300867 1.936773 3.254333 1.676863 2.548101 0.824595 1.935747 2.682911 3.206215 2.703460 2.662151 3.207773 3.400208 2.663981 3.162598 2.365898 1.630837 3.256115 5.570384 5.230093 5.291558 4.932482 5.351655 2.174170 3.296658 2.245172 1.274530 7.051329 5.814744 6.582772 6.881883 6.538591 6.242414 5.118363 5.782013 4.235789 6.198545
4.138451 5.425899 5.297842 3.067322 3.438839 2.916382 5.265327 2.850275 3.707486 3.796597 4.742927 3.930655 3.562261 4.755059 4.611335 4.327951 3.282945 3.299984 2.421958 1.643692 1.475618 1.459293 2.083122 1.094267 3.043325 1.699217 0.784886 1.122932 2.323620 1.278674 2.469685 1.669530 1.952393 1.776864 2.659139 3.088750 3.745871 2.985744 2.405522 2.767043 3.049889 5.320997 5.488866 3.318843 2.304577 3.471001 4.046586 3.595652 2.711642 4.013610 3.700835 5.917908 1.617546 1.744222 0.000000 0.000000 1.180647 4.393537 4.998102 4.056049 2.399835 5.198592 3.660663
4.704146 5.795010 4.233123 4.160872 5.882623 5.191402 2.212388 5.043450 3.795685 4.629651 2.504542 3.871399 3.702330 2.867071 1.945592 3.422446 3.413216 2.770346 0.760983 0.792670 0.771180 3.109714 2.464826 2.415721 1.455214 5.086684 2.051063 2.913277 2.142226 1.795511 2.324508 0.870978 1.762759 1.796825 2.387160 1.817046 3.595027 2.656532 2.828812 2.717692 2.484668 1.175803 3.048390 2.373986 1.630305 1.198034 1.593022 1.213192 5.391820 5.397639 4.905898 4.771689 0.000000 0.000000 0.000000 0.000000 0.000000 0.000000 1.414652 4.140482 0.000000 2.506574 4.771483
4.011985 4.458215 5.425974 5.166468 4.860766 3.097841 2.761158 3.054855 3.620309 3.529133 3.456507 3.211160 2.636610 3.265665 2.836352 1.653215 2.924277 7.151483 5.963799 5.552654 2.661570 2.629560 2.986983 2.895155 3.058714 2.510238 1.064322 0.665886 2.510448 0.911593 1.642613 1.599659 1.880904 1.554590 3.145049 2.097878 3.551013 2.755902 2.778978 2.466487 2.764390 2.140970 2.456324 3.228094 5.292323 6.032427 1.790282 3.198706 1.561876 3.525203 3.512473 6.754989 4.239080 3.762926 0.000000 0.000000 0.000000 0.000000 0.000000 0.000000 0.000000 0.000000 0.000000
5.302650 5.024693 3.940899 4.940032 5.094967 5.821804 5.721763 5.012549 4.447273 6.042964 5.363570 3.158892 1.593714 3.445902 1.886596 1.180476 2.021629 1.503843 0.742106 1.032733 2.867867 2.910759 1.809511 3.049893 3.425615 1.917488 1.562374 2.728990 2.696135 2.572715 3.124746 0.766538 0.760900 2.662011 1.327639 3.257020 2.230267 2.621711 5.970091 5.926401 1.834613 2.401594 2.751347 2.450437 1.728497 2.745468 2.346918 5.295511 1.676269 2.104259 2.518356 3.307084 3.955581 7.398460 5.267266 4.298265 4.082355 2.963328 0.000000 0.000000 0.000000 0.000000 0.000000
3.244186 4.504497 5.259923 5.288415 6.435354 6.214473 5.485256 5.939433 3.398043 3.632066 3.275421 2.910590 2.799071 1.745099 1.498919 2.737851 2.911429 1.096664 0.954261 2.230417 1.118931 2.302217 2.129511 1.894046 0.992395 2.152540 3.104701 2.913487 3.093363 0.922865 2.369164 1.210810 1.996211 4.813813 4.358105 1.079375 3.112954 2.098996 2.676511 1.747572 1.818306 1.885715 1.625875 1.265734 2.571346 2.647999 3.918075 2.396060 2.026023 5.198848 3.334604 2.974828 3.484191 4.138000 3.957200 3.947934 6.748041 4.814976 0.000000 0.000000 0.000000 0.000000 0.000000
1.003731 4.695003 5.005867 6.407010 6.287964 6.970610 5.112795 5.670700 4.226809 2.883392 2.533273 3.071525 3.414952 1.391081 2.984837 2.575638 2.332370 3.180475 2.610700 2.752433 2.614153 1.887515 2.052851 1.773400 3.117979 3.191191 2.813836 3.149584 2.591206 0.967452 3.091189 5.657782 1.894515 3.090873 2.641910 1.093351 5.550063 5.601488 6.027763 6.056990 5.127547 4.917750 5.216961 5.792966 5.962756 5.857053 5.890027 1.443663 1.165394 3.817138 1.796422 6.584446 6.748075 3.467497 2.955265 3.823858 2.288323 5.930052 4.372183 4.446457 4.623008 5.572172 5.325384
2.443940 1.957664 2.824798 5.871694 4.888316 5.695300 5.087102 3.774910 1.747327 0.680574 2.050064 2.837715 3.318794 1.519231 1.520964 2.976501 1.462536 3.025930 2.260089 3.156294 2.390755 1.732348 1.577052 2.364005 2.434067 6.844352 5.117098 5.149240 4.096685 4.368738 2.154400 3.161141 1.820671 2.031000 3.273042 2.337048 2.934215 0.941350 1.807053 2.102507 1.775761 1.748932 2.171926 5.762205 4.910943 6.702820 6.390865 5.345131 2.488816 6.058600 0.909490 3.557097 3.281201 6.626561 5.556084 3.073967 2.796021 1.036308 3.102916 2.967020 3.352383 2.924939 3.064446
1.106996 1.535058 1.791456 1.588424 2.792702 3.323201 2.925129 2.112601 1.760703 1.534394 2.619794 1.948009 2.713016 2.851632 2.494984 2.095975 1.360506 1.930122 1.896538 1.803587 1.810721 6.909928 5.317241 5.422629 6.565441 6.614201 3.057100 1.844214 2.428964 0.000000 1.530850 4.761822 5.141623 4.508732 4.668761 4.042816 4.095421 1.561727 2.383898 2.017744 1.711110 3.118139 3.135381 1.498311 1.462304 2.540577 6.222475 5.214485 6.180940 3.183382 7.242897 6.362864 1.998701 3.825566 3.224141 5.470567 5.969923 1.266711 2.378760 2.599803 3.044030 4.320963 3.640646
2.658864 1.282466 1.444039 2.994731 3.266209 2.823056 5.276849 6.294278 6.680493 6.601201 6.122026 5.865082 5.926009 5.811964 5.669973 6.174724 6.552440 5.704083 5.564168 6.280953 6.078005 6.401959 5.007554 4.110459 4.006845 5.214406 4.752665 3.200274 2.091933 0.000000 0.000000 0.000000 0.000000 0.000000 0.000000 0.000000 0.000000 2.562610 5.332572 1.473937 2.150039 2.395606 2.905617 3.606416 2.015702 3.345083 3.033964 2.681570 2.576829 3.476960 3.080140 2.759431 3.326842 6.864921 1.515489 2.385022 6.513570 6.066380 7.153860 1.615694 3.687293 3.498114 4.294242
3.951440 5.112274 6.181633 6.224936 6.428549 5.073321 5.682699 2.782763 2.383544 2.735674 3.438278 2.228973 0.000000 0.000000 0.000000 0.000000 3.465483 4.792472 0.000000 1.891389 4.330531 4.354437 4.966103 4.002430 4.171557 3.179470 3.592469 2.913030 0.000000 0.000000 0.000000 0.000000 0.000000 0.000000 0.000000 0.000000 0.000000 0.000000 0.000000 0.256138 4.774613 6.096569 6.312869 6.642878 3.536563 3.476821 2.413708 4.133074 3.353652 2.756274 2.452001 2.144009 4.559777 3.988674 3.417699 1.989253 3.365633 3.211424 1.998001 4.710265 4.074951 4.380159 3.841880
0.000000 0.000000 0.000000 0.000000 0.000000 0.000000 0.000000 0.000000 0.000000 0.000000 0.000000 0.000000 0.000000 0.000000 0.000000 0.000000 0.000000 0.000000 0.000000 0.000000 0.000000 0.000000 1.607774 2.146092 2.194311 1.750937 4.480386 4.234815 0.000000 0.000000 0.000000 0.000000 0.000000 0.000000 0.000000 0.000000 0.000000 0.000000 0.000000 0.000000 0.000000 0.000000 0.000000 2.982491 3.237216 4.679650 4.390186 5.675536 5.535151 4.879528 4.550393 4.474963 6.194306 2.913869 4.165106 4.412665 3.758884 7.836718 7.427369 5.064840 5.771266 7.623381 5.862249
0.000000 0.000000 0.000000 0.000000 0.000000 0.000000 0.000000 0.000000 0.000000 0.000000 0.000000 0.000000 0.000000 0.000000 0.000000 0.000000 0.000000 0.000000 0.000000 0.000000 0.000000 0.000000 0.000000 0.000000 0.000000 0.000000 0.000000 0.000000 0.000000 0.000000 0.000000 0.000000 0.000000 0.000000 0.000000 0.000000 0.000000 0.000000 0.000000 0.000000 0.000000 0.000000 0.000000 0.000000 0.000000 0.000000 0.000000 0.000000 0.000000 0.000000 0.000000 0.000000 0.000000 1.949526 7.148662 4.354512 3.980962 4.627144 8.104229 6.183414 5.696967 5.349354 5.638350
0.000000 0.000000 0.000000 0.000000 0.000000 0.000000 0.000000 0.000000 0.000000 0.000000 0.000000 0.000000 0.000000 0.000000 0.000000 0.000000 0.000000 0.000000 0.000000 0.000000 0.000000 0.000000 0.000000 0.000000 0.000000 0.000000 0.000000 0.000000 0.000000 0.000000 0.000000 0.000000 0.000000 0.000000 0.000000 0.000000 0.000000 0.000000 0.000000 0.000000 0.000000 0.000000 0.000000 0.000000 0.000000 0.000000 0.000000 0.000000 0.000000 0.000000 0.000000 0.000000 0.000000 0.000000 3.434898 5.677539 4.698904 3.549574 3.753100 4.014220 3.537921 3.726811 3.445011
0.000000 0.000000 0.000000 0.000000 0.000000 0.000000 0.000000 0.000000 0.000000 0.000000 0.000000 0.000000 0.000000 0.000000 0.000000 0.000000 0.000000 0.000000 0.000000 0.000000 0.000000 0.000000 0.000000 0.000000 0.000000 0.000000 0.000000 0.000000 0.000000 0.000000 0.000000 0.000000 0.000000 0.000000 0.000000 0.000000 0.000000 0.000000 0.000000 0.000000 0.000000 0.000000 0.000000 0.000000 0.000000 0.000000 0.000000 0.000000 0.000000 0.000000 0.000000 0.000000 0.000000 0.000000 0.000000 1.719020 4.756636 7.435439 4.968625 3.938234 4.117273 4.725817 4.659980
0.000000 0.000000 0.000000 0.000000 0.000000 0.000000 0.000000 0.000000 0.000000 0.000000 0.000000 0.000000 0.000000 0.000000 0.000000 0.000000 0.000000 0.000000 0.000000 0.000000 0.000000 0.000000 0.000000 0.000000 0.000000 0.000000 0.000000 0.000000 0.000000 0.000000 0.000000 0.000000 0.000000 0.000000 0.000000 0.000000 0.000000 0.000000 0.000000 0.000000 0.000000 0.000000 0.000000 0.000000 0.000000 0.000000 0.000000 0.000000 0.000000 0.000000 0.000000 0.000000 0.000000 0.000000 0.000000 0.000000 0.000000 0.393060 2.722343 4.847134 4.978213 4.392997 4.968686
0.000000 0.000000 0.000000 0.000000 0.000000 0.000000 0.000000 0.000000 0.000000 0.000000 0.000000 0.000000 0.000000 0.000000 0.000000 0.000000 0.000000 0.000000 0.000000 0.000000 0.000000 0.000000 0.000000 0.000000 0.000000 0.000000 0.000000 0.000000 0.000000 0.000000 0.000000 0.000000 0.000000 0.000000 0.000000 0.000000 0.000000 0.000000 0.000000 0.000000 0.000000 0.000000 0.000000 0.000000 0.000000 0.000000 0.000000 0.000000 0.000000 0.000000 0.000000 0.000000 0.000000 0.000000 0.000000 0.000000 0.000000 0.000000 0.000000 0.000000 0.000000 0.000000 0.000000
